0 1
1 2
2 7
3 36
4 317
5 5624
6 251610
7 33642660
8 14685630688
9 21467043671008
10 105735224248507784
11 1764356230257807614296
12 100455994644460412263071692
13 19674097197480928600253198363072
14 13363679231028322645152300040033513414
15 31735555932041230032311939400670284689732948
16 265481580762520930072845197261091304921260990676802
17 7878332940506569588782402627237881550737859569467984886964
18 834725994994106124910577710957367584238776031381871297834136225112
19 317630811143561246868123019387180637927069719607388427874902803365111204280
20 436421824266035851776008894474061289745551397882100914072359707656904585670134102186
21 2175841491972551712574448190161119124974649182760349691278036303936870225155528392366866071904
22 39539626052379239872578823624545992034790963778497266168274830289662032917434747098035111028561774954382
