1 2
2 4
3 24
4 242
5 4930
6 239391
7 33119296
8 14617488036
9 21437566561052
10 105692245508828373
11 1764144695165711946074
12 100452465614447758155080354
13 19673896280196875031419405956132
14 13363639882532531449262826284643208004
15 31735529204623744076439066461283497893579070
16 265481517291368974637887197195154217486532114298623
17 7878332409543312856858923712293267718509245112101085606286
18 834725979237439447452188474368946725563638157229789519771765893472
19 317630809474109233244907700334930963973693335544804521513404598885603896688
20 436421823630774226984708289702118855531641959130237658359629556552470109661112474415
21 2175841491099708063089484039822800162875370559804915281692598661662073227881373037595446581176
22 39539626048027556887324454721516894960576293301938440861520749662640078458952109205657363868663116835029
23 2629692980457460528131189418155827134211073132357220192638003718735069629575991547265394482225042522176745820571014
24 642510828670061892260962467677008376355295354733233290105723647220369612802949300020694110474713580377235332797209036517569538
25 578713612836578575196583867391839529131826767701066819933086223053625827295552726199197681775935355642184000272331415394829616109708154058
26 1927716753355090379250763962855494266571827606636119137162164607829210888838770683253549338990013528857639909119354171923323923802537912335539424004264
27 23817903349940224673857775386850087373865362724345256952908532939996332217944622955374428049588887088605507389410171777292493541049947143948822609700896875720269768
28 1094551446028078398850073869358939565437157218948081041812363500833767190465483245821846997039579141927159188821559694476863558498749588317562248834672436307009709002787286015622
29 187563949858534218172462651339507353057363046327501265277737613532063215603994425239590092839775524211045751346016580989887979396505817474736685560054001441179232352577695361992991826523289906
30 120136866349263905825238480226706769324271986703206757767322176833101940887704306741581018949930228967400551024170732274414457524981596429187416043720809326854042498985392943712032578985448996914818473368955
31 288258739785090804374142497314931453587930590389559420472553198538335444811861007254200741211287464936308195741842491578711082249625164158984962624756654175241241347801070361664011941382612185686257785277784229945577536396
32 2596403381439207747811094579579863436226571605745489043021876626604300663667577488205031416499814718514688181203865741169528205151371804500061978691828436827938080595126719416520171707009567321392801586683981523002498893784268296654383813
33 87961769541305983842060629563431177484086640383480823868822544866273437785253566044735227164844851607223087278811540191099139606484008343004177757156280670445746242517368544044853818622647609111972593492672899657829637770093770835721037189418556964099678
34 11229122197199534166374629929963927502495489072907281409840366802957663870500302558362263204401849619126819619437864732427275337400510657305075088231061861337004462545493501698092245891279846481084016674152578160564167461951604512662327946120264196239689223421837539787453
35 5411023333616787090652458751097265219321931799799028615308533333696650331006138165629338133284669506283896754334658302977880867688447710324341649055016080098987749106028377758187628337876502699826716943983890622995517518938822536868414137109089888389724509013051108734361991737222161706228
36 9858346763979036161942722588777178627892872599307801363409577552796462087426431130967023104556978253813958602623337274852890379293017931651840194882933448566148221943630633531376837089327610486014464731368493411318699535916998800115834816010945547870792198023192703713141764721628665298930860915570458538675
37 68012747892344085829280392414172686869693602962904108160397906688834656365228310534506605491559674957419080925736092371891946584164353952989527497649985894679000096971727739424752913953843935579393596210270017005702908324671189378255095469583869224280875176656658822918659843311366620392329256267542907215114689623731356016588
38 1779396784403094531186220272607006095997336575513903104426886059388711944727404496348579117752374160987894105558576529056789980628248659171825018345319858506782737242652037476845857079063115917874994245772160951426685680956719146705940874559520377511640864832026527386310066250993347683601085098687559349549344851670353183090374975292646702918306
39 176788191222875016900014894935461825416356539848415842035158733418824722106092391226036357147199264990432122690831478725369572182892510975375385976653739377176336822059533213545000164394735064571655016377219427676764853947228196983529649438609127070042791684697769218074429970322260107525726703331867001890675809511657151958859108270034441745257722278836723352800136
40 66788690218559846063372313326970775405628235681036065046259910963318977442870837698330364020358995676641053114853593584797994409845696289372746587923318728559194326346001186266685592350027787363322750936113653863872569270049782128326077362517154671696872780419632673684920128011686539211048209437072010866202841296317103932911017506927804392329519222325215314719169032303015709352697405
41 96064928029884796755936511962795427158685894730680102421306098767796358015029720247016341492384613629598533629953862333675162364578174538649102223730138205544788699587285731886417262988069073835176581472918744921681057018505932318348371920596189979142629334249378309677825416559850358868584786536694362890419973555788646085062358008656065867864779324798021361669811079294994357745941464386929482245668824746
42 526691028633143296826334210301404258264720541516247597745371461180638798993841898823407679131362920018588067524342752287996491166284138116576848837354980293497500128547698361370959096445959396008078728961202527835265620627267080901472520513468094940731372412688862729177991002420389445509865879601906112653428456284143124904775098604620226390699679526028370561164084531912756317832071425729792812808419367770164793943101918668154
43 11019671318211765269939826272504037071802813339526640572395330993937282484337950435917820406893971610233025850955719297164839688965046365026466896075184125703892558306327196944713936604580864658739986785633322907121438272403000990425471134650185331095173815475166801682378889886528022170046040181816321635369780168456798226164758414671534959717485910337132440266331889857843667989386677413599765716897087862239039593261168459524371996526677340210788528
44 880791086211602104563742492868591846271442235333371751487315539379502243188948079825453744788125089321904132436314483388079697499854695998033769023583489069412412405266981529992169818089036860051860378504096381042672267746781655807032468087676694592338901653383657860397698268904327204609364040539698263036900097723224814619210804222582195712719508838390668632537754741432197632428960225948458068346581036351188659672323253989768077351639901392168400492716911865569294707597
45 269226309089159843753005119330404648240418153342357217558660018352263548787966312956093258496439840316155772133994717133351030510270066878454054095220470626552454733252177629248118767633077216332111130439659335812678180062032608324253715723636429898254931242145333574919815250359647206331434155899009815335630490118583015562336571868567376358233190187898426815670009819786982629956717346525046657102578473295462840392567472251657582368923769788560172718100799977515096163297395113214786537845229276
46 315015148999566069603172761401227883149541878891298513456679581821202494507554647482668110894581634950306706078019316685020513840621733661414388745839567380649212737192016133304914062002151203309936913705267299994179111067919980539314007041774314915076591868841040922094134573664417642599741662260598607266247211248543790184726900276886895125558182763223972477473086451229612777944327702472196646887568007603225704911399894413990384440666349156644579744710084499955163706411080764177093539473893094642196224030318593410591
47 1412294670611251772764321277258366242169755868681787123796442862291499189573737198211790771381606061036913788867343237851832630247924691846892456515553464772022606282085916777952524517934178907211437752337471393384810450471899175422608115429846846616405673172480301203976473019793506716219186336647549347423252624741500964343608147089072422748013556805052996174609433368883958889638369266343943513783575677131669249380331307888538678105775721600924312813635205816500875738266527647487438265840272985033514918024876006586890037371231430407706568526
48 24282446111196960673535220548295755151089264623722081197641368191424105599488240054776956660690062173774561770684046207719297703531616760631619533427836703474526672418136563691194023998404214893788414719271938593517986078158210971298379503349814415045181936787920803819222758394100036543373010892419777973220682458535573440924173131991194736689585203441819525844644821186154599547078411293476073389518002208174366307350470009843183961307230010630212206833151556899368436579656279568117956917918200001751726596808602057780674410971825922843350692740696817546520382922177543
49 1602543595780422478672336688611622546721946590776470584332560646705880525928742674039670689340256833802431402475867561551113758960519128663970803194409092663782188368591926156265920402053158405179694621722693654068198251086314314893019608899068012558069214138680432286509988814939618041331953126898753128854921426548378693178430581626008966557983095715479946442784116967248666766513528775608920658737036624644494985009138279444370186474198870017115760243917036506136106637358246372738443625533447108212433966055765679303556560629273948275910796830732248978226229436361745591167277309366840559923160
