0 1
1 1
2 2
3 7
4 42
5 582
6 21480
7 2142288
8 575016219
9 415939243032
10 816007449011040
11 4374406209970747314
12 64539836938720749739356
13 2637796735571225009053373136
14 300365896158980530053498490893399
15 95772686348981154949990837579207581003
16 85888418249161165461289338402279023247144414
17 217482090455721788375290669879131350415290650597998
18 1560312064015508002974388174447303329131334667789768909398
19 31815600708479469936014453192130793330560453791048382635983178091
20 1848901823823157891528442582919274617601818558458201567432433860165755791
21 306986732032469786190702568563078551844045744133008079318024627280225815044915087
22 145963160145754860399409026051595707141721441214931522706707059556720066810653947141181796
23 199151241957745616897529275690330144848325005063444131197795761536717667788919700412581999266354377
24 781197120377380734353229389601886085282697505487711983740424280096725151960868480827542449607664840339095962
25 8825325607840140610416826631612938420436026924950281557611183315370188587181058669890862132212138510768183095250314445
26 287599917579769585619714708118707453763215662255755385523198015488626168347573721890723580660795620647424913327755178859610089158
27 27075570464695955473487154759107674385791875136181162321681850752729440988978509541166079992605263980773396544230469427150244834673420981072
28 7373835786496348816302005370950651819074939924975071308618630726038544123885591769933936920482705831202531506873714270286723323455676290399309914901468
29 5816886582043894187458703970442950540911639396153630869528745071169424782989265263050085327717025154601593264304393426475215072017278970740813382918389884170909006
30 13307170706994743105173059836294971059203483717193499780817549904507438448380120926249399627212787291381229066863787458806736424237257695115932807634374147097361988109285739216
31 88381562639636140413722718306699583101108141773729302570871157538672766300787872996208445376238800910703582261255483511179388549468172856753116415413056990785465233811937513951827648795089
32 1705966873888343862365619362357205583726424394601058381826591580183574296523004156255177901126941805910426785499275236874459081939187526346126624031683167964173629366748341399472978173198591110822365894
33 95793668449270485893041444474044477087405327944903495299947021826935117142659652017264639686250346549973799778107801067647968328060060016492370981277160040958587265657255888494931530750944127039738430207066716617470
34 15662435435351044669140774617213895627186419541781048963438305361351912367948471882356296376491836577208006181766731256932274312479971735653403370545913654594684233142392794623364735078889129359700043921415217590461118933631222659
35 7463008046132245514076539334922484577495882349086250540720366630631154304354688359399468954773851847719003146629297771972310539598740704384154259549676324346730259782208661247454487142303253896278046126925756520661336229855638240727704583703888
36 10371828434284847431111389335816346414525755065092719676468358344764097375394688058960627080713989404745196290024036983973452322340586473028504012827535518875340250989511852093695271932465373384866131298157816808485583188284528152418072627997683254294994246653
37 42074481248838294438669027349510266233745490311950658890864231980857785035396884786422741067788736366303598945953052783805143025217841610971521707804572702390298777187690205107691977921056864794559200332051648443102737731558712377587237688220296397859797027630518318407245803
38 498564783028010033927324277605121259266882933605208921338673886807194473620367276226505061501750495447283005751714065057550925648035976088538468489400669438482107643328797124974804531526814328996916973468531652032550597219098558991723897993952380561050604811971618642392429973739687607615871
39 17268899833965366313312392039524815428022942249039013850251473802253770224017344405345316084676928555482522353496160376719421577566487718462395345009507025353414031371755636762210950674047730258012649213915989347610283547378737579972372812004356244908920135656088531218506402484611109515942454575829253905784
40 1749579225227621600289246722658914136712336816602956051630978438013214627972181640262719429949465375070490803711825947566405147449534033467862401074937031153260711863365464842944831529549937549153666727207934917221303166601664912506742241301898067225872879691021968018032112650256865608376582715514366096632759354964282167633
41 518799973522766715384028643731660376063250876672429317342474134409674905837836884074014148290226655952026516014360583815489094881920987298845076975108525092705882536225394596433520448589381141315870608221980194789738162477434616988870045630651656841923688463578219021204199448665940169616891344837171730983509196148433299309965007337442271390
42 450528322732670702119313280702699644014044659798616098653773333118823742686107577029601735935762888902860484712188238573317503761143686783689528686015481472876282691317352686572555851526321159889850591133112350711541455011125149629354020549441793310495483674921709145188818805369027411259811797910745541682925496871691552477005465643819846206846613431371749011
43 1146426829035455519813374516625607061859183441424548386767046827212318168872609585453417258039711214654727884385575736243194799896769752357868927651772243781769370054410393108165278920929237896286620990431322082530334038038637234879732897188853883700383449201611201660001841334333815861432426240014789731552820385583370443638912171475052154331807659259935534673086301226051702418
44 8552786232702592118568936300659537819185884899966950365922783138230277154807969824526206605247694692742257369969815288714214081870291682658625873113176622802485479943560501466939758137905966270358861045162610465270331605034754267060379598267524230993077188811514463316672077035061200427262937042476470995646463601384608434415524624408650902829233968021104820009714349879203136353985598936674534768
45 187167444768046692161996437587590264958113508116871560856825671321035968212163940986022697115863804983384177100705253758655817599872927679927712456888078816128341845678658524021184551191255015633926777872942555627644798816374386939984859348434559597325114898334902495384152719937189241786886864077229978720324818751274812825011444797953513208213861233587352672152122803746544526221355740753935386005171050433609370882
46 12020677398497645673052831715906471574232250848805910180844717425608009104969617452263712740112548943134056691578676531071196009267978740704266885991162119134900777256719018597280532011623077216162333280326310496135601452049801888153574556254960905853749915066271658216839892576620430094981340754139990768770409238432731499167213676762513630952629403022312493045519880784315341445697461002220790954388411592046560208210799336895223564783
47 2266777019982766857860727164277312940167521795337630283587652668657132961567234871896526971020373107214652562523666945843761706562148438072895168628226533949620954646629084053757977669699929895651729785426659161174188072695722259669358376644214178880428327103530713270624637024083994431504830442605113213853588978418847301449703129576414785588144447787473690433212178950186094645842807729164073367215269564463431243603242580948645596311621555010336403900173
48 1255644028697347724736940242855759096981087614197864885855974044390047719641928536485311919034712982449386664300158235488773338118562593962824218546039436986768990595394752824410110123626459666840639484127937071354259715103547137136527650605470509596188655982000640635942592359712779867365405028365213238523490356345767274233842309915733911771580489243801437975791518438266214738179817657227225460164560633137942730129769598023921090030391747920323202884672069534294467611414446
49 2044046080406160398255991374835451262903667428809888155609864232242645603450137269178183103395749932569297990834121771382310455506704564067749450277748522252021259414066815571947218741768024324098261644426781220124654916108196890846324855032726187718873445469630339448797289850990987806289739379836221856206043154852623844741511899916016937288340529053691964852467211106650590400537504148980506130254834917049869111566878846649316340997120861715786710186835106674740450816477712403574539108521637847
50 9782777119153341763917698775849931436429632447324147628476638083202252668698291689716771675580445861730671301625231399345698113954704273369815995071010863582131064187797520631943900698849124146318188094677379909492180458306841985767097988105170051330430531285370744357727374993215555412979460589959686844775327503578183859607782847526898992464125077773512850813164366561765349078850676584022887845239066745434238133556246981188305856555629923618915538356899858777182186347184024694709612103252516886853958647965215330793
51 137706588389766330820875778063426455479586490632469980546015720651888597520691868796700109464371606142475639248540214092651358748320800640564070662686637521991514854767853510263968161751803512939692736982008119260285041745293985480642429414913038129633064861892672656260324163819742179106857890420787269804117818855163466038376638203469655867380158955831682368908966061069757917176386672649700614770850008607169364004992304078119305350930835409834159830201232105549283294194468728836032027372937334314188323388097098301336746415731898101318806
52 5703420155591739228735404985864238464571698581178107075527083985308621091080844396606913699181630875664943352177060929547602986648246434404954993954526376424527162674508740838806075187177929195019900897849160758406590003919727657125587399862786065431867742756868928013286813036960526203190825639457202388053124845528433251737376999992227217779083447135421293885153598560530053539031569712943075002482879098084233352820947939561768820031322140147509597733841806449130297074232649997810731966446315411965464453026514074499580586994365346916413354230122364667157693650
53 695288012715927574917791309748030619284408038368267194248060338557994960771529262384922342364112345169493685679247778923606303961359329404747019189044091306355162286254732436610429520629809058544268936741479000072532994045199518223187829972685930326058412061766318739729132496927801916171274412919040106052578978536424894184727945864635884664047572656277787570105577529898657108694360346894554878667863920276049048596564390864824815756934337619308600624578391347684813358692070146010925330999907415347295452188105532180791944248841590532949807841856427243501775028161217144151670334407580
54 249572932597515810204820381866288867242011314974759547530892896823440388165765510573804645194010213222647355558708684134569626183064416486838681125613673696239767978838650267775471763351991091450932492189744119144215009811182729464108926494010590658424473330367192221325107585254836511367574756178184357175617711751398517499187622258642091319392547101711040667672041156878591101537099727598589589246372286590024228073887360118010135712480098101526660476704213998260154871180197696351509402100399889239464835976550339833685285601192778058241936240656167956915392236171309279394455109245959124339780266887593607043
55 263865461702236142344612563040900694627449713566490256596170434355016394916890779420968144421526346297160052666839628810581281226658549121145662868024260738798982395267594394653600934007699975787391564648002751567327961938020550141871902657660035372069125984536702661797103024193470990897313787070404920878652682352856044795437137856389951125011798910397091487762392555721075885278562276119201917482365361443881634538417476400652579443816915856980605980066899762639359615768561618527244306503696667016797213967614584722894855903222514620205810879471655754004652048587083199627208648470910510961027036779249086625262238278978607557266414
56 821984314402005575520036777909671436316565184254623889263502582582917225078545651230841911568222535140585114958342197851949420085745810125757587334009882979932021833171960819389527241755122939921758265957378491071034334290632425020604908545447383425493186214686874788267973957794665696847651183156065001294011067790605781525424216565917771411446142821625322145699287775068599379259232382828944591848271516419103452644609802854114138088245011981860345481822910350206910151636791572323339938364532104952166575484268154725455195855357132012598395179758620337834846670407051764273358852501016927636553498728292323165391153782491475858600334389736327321331542322059
57 7547079742594865979374216381416546644249930203325491880672453986906118717834409456560381771474932764415411348937342888149576673301879036608445965074428401346079581692667471074171374927859414289648216001540545107570998692637784562188505542829828729899984283381222425629965877313020287426791165245582372950261547185491975328666907109263016440151346710313802921643539832993589433810051135697858656329719276225668403410110631476826335305317441067652355592689605755570947391618269362458064707477946460861235767884183386077655821845218807197406003370537261676092618576407653786377764494461004056890112386263483813660223383362616835389583508590681206526458413235453171139666107997965079098079
58 204297223425298166090085561689703706958505656420843527802123209875655736618432374486611316342923967689718771646313268496471665270867556808077900709466998627932400508667286160914684481932997158819491443106508163880747790734945842781430556814554679331403513770388881716670950836121988433082407315289614006927156845171467348984764444477563157066429291941329572940726152046241323516178142924935951868755479928250336800722672831757185409127981011401553036254822283643901690392470506232786402595829160930160782966927554884987651995048429479379730521485398049701719806108889401681566459703864812254368929876468662280861487367334066665692251300325446754701957662897956772529502719344194672064901991284262553379714786905
59 16309596861410587524401494251071612003080136080531378760205464095759935618894704320864244990811440387647471957352903292120203189099531814148563543379727891230992728181943199898058899978670175866951114902146975381921289372083594405111590988726900607061169542266933252652625414654187170905933661205582937676786034815982419582203374410014693264278006545190340232377363163428336579698058266484168083214316476446960900326222895513625793810067967086803121273502819283057971142557089465726133791907056505626737926279236045158096536056470865139901201020043009007691655231307118623871432148888070803574218834394210579670642405896807156529384759459938732210955728344837099197838095356070558869936740317051436658208338914179374737470803942643790205
60 3841015010872364709254480165148118858192083226408951363755700282159061035420502665129159128518611922285076753369453580455838879643678563329320997867188966698655636471312566129014586479489333659007233282738404812681673925231193554500533232233745501447403449230877932697949028683268103631046973452816918152003256135540929293028268492530587668424313266140264463535758689942697650846578703005967178298356307718281536951039931762152203183947696101782255617674470658728855922522278787690837137746525587404844973320582684053486717927445617533961765593526520236038674626500446599475127771230362931114106499202730981312592817105111215285971521040303330806781764697588695906582605100929890163654009060658119696626285777962735294875622074780919346275573256842199789508837843
61 2669263528907732773071135874873449419279299126939699647158987334291808932103675548166421200640988710577731350614378793406279186401073224549944477548473344244254752088093358315281808635705081725706400682008957315832785579352179123374287941729576359773704113868504075491493194036420818266282612881399843484045858936231860561964037202138416206370174307396085061776598596750375887855126470915897328845101972669078676425008692017985270848025125678351811607611955273033743726729034372091425858988807516425809542439577289287937319091159610042933198673385559473431913143727049904992428807491688115493225474138714333837087479394347232965596474558237592335586305018482080108597187832254694549928570331046551634923094525382305881884667726627441491224276003969294501322647456633811779206054940539830587
62 5475153519299508484364080050774402275340930685464087529311238679510093241088624409455758153315771947630159792188926729012061227460025734564275824623950837476341350644724726559332236758756144222044661172964655156817347416600104347719830942884285687210767787235222094979191699525172485198907967425310107525368857025628206870351542498984854472705741899204077598532118746651496812600231927561698665904331541202936370684515769754720790471205088349858543948351652400708157727718082612355963651106629559377015809781269464388422456447809491730118398258935722354969966100926860859909304712002316490476116262157372069806764385753925640090974702188434358972708143167970009630604962257341486092150148288208078183771384993031277998066924978354618679419804064297654842387859476210450153335779104520822258066843805966766829855358723
63 33156871345390354103222452203361480893119054400205787290266676021581964534182887051200889138077281240683855313649850313284864594831736786301521258314353357473356101351441446010756204704557128435029652541174514636849119096539157569116923752912994481968360299842617923817365625893556153253957003113263644907533395944004044369489489987356669301321815812691465846535254208275621265498603740468000201745408216243533496209320934454837845077556804898583899736942747374755343180196130519829151634816182820679982737109166346953182003614841574354011784470773873202199860866463811627512692683196725845128575392210298211355962592338229832048021186952229490039608607948337418708270010571475808766209927129229572378633953809227715913037750967240134043414078553717743583728724822874332262776487660900890462239513781585908954759885540600154798369785648512224160
64 592969857657225465047012060705654262269584299723606513194744245468373496954794637881843637973756665366352107716683920596113929282129591013647914386319002810706324537145176140206399890839298046147095030139469844121939943434705764713354806693502636185596512355065140083843897605094211280360730641997749859557695854328701011646875083871112263071652067621984812581640588293297723936220542439367814351343571425706764658244076499176874492967414686183043328931182659043891486407140137729472302489611752034688389814054522605577533982875659983108313807883779622660640793578076231190669466353536334285108693708766503199138572612443574357987117346315325782968342118781115041107740352661267881749970466033908831530651581969265865929195719212899303735379409028930430821452035466104103724123705866613038092905575647310637969383896898111336806752191777058426346452564586391593704130278045
65 31324169325519527258683491876873924289087165321039009275885438456412552015529548834942638212992166798182258038749609561673242259589310618218542894565035376686981045290073914898035787891384338387346231781304330725057821081561168582267565108944207432246702074513948794515571645617529849906854591964687637889802873276879575155076988048240250272350781655579918309953992849876618643372242441521115560833282835383316615318685065760441432072877706833321961648463232431235271668099651302149691052297869919837313737339361443316018357632604163793145915444682655839586513166282471155245449257825796912955089657690485458093578161786830414397792860007855094554604942467762173349142818808113160625945948836261124857821021100592422315197942720972735365172090764319341461058694444666008478258906882759036592306280078857595013432232618777144862006144133445773718348068803276731343849883835092428340591286136281790950025
