0 1
1 2
2 7
3 36
4 317
5 5624
6 251610
7 33642660
8 14685630688
9 21467043671008
10 105735224248507784
11 1764356230257807614296
12 100455994644460412263071692
13 19674097197480928600253198363072
14 13363679231028322645152300040033513414
15 31735555932041230032311939400670284689732948
16 265481580762520930072845197261091304921260990676802
17 7878332940506569588782402627237881550737859569467984886964
18 834725994994106124910577710957367584238776031381871297834136225112
19 317630811143561246868123019387180637927069719607388427874902803365111204280
20 436421824266035851776008894474061289745551397882100914072359707656904585670134102186
21 2175841491972551712574448190161119124974649182760349691278036303936870225155528392366866071904
22 39539626052379239872578823624545992034790963778497266168274830289662032917434747098035111028561774954382
23 2629692980536539780242475422383885185847130154026375395257429202614028192641242889917446231989096171970622019240096
24 642510828675321278222154166115685278383636215394854587373057954008117842108552316414600692600622500926932830810715687818687780
25 578713612837863596853942399027226079717416121513507578156734159710729840345785391569007755861621595859570263401167912688057092188138829848
26 1927716753356247806476441617581688219408804421434297011940688471181053048749345942767295064308147192166011759095510823323278715729505828132017886595884
27 23817903349944080107364489618603878780971489921921313147420543782289489521166356853421517544625348543053065643235300284006211303352442302083911731009409714215837060
28 1094551446028126034656773763302304554494397263940497017166052275589751243458589929038762400362036467313410864676534271835182859602380261007378453485806398474781220125727168294376
29 187563949858536407275354707663030376654752734726757534005994421622756415614180574670073178777397080347484342060678714876970602659187254906074810475550854859642324656544698487994908878412501352
30 120136866349264280953138197302804974371772071954383988038101878490424859079960153595544262187486802151413051612096921772899240485642586115800060236152864122110499999970648414551275726266681171756771952435380
31 288258739785091044647875195844056051713900822734157364594275790387853710402965467488743093466894014232344810383439420603743142721949442670428205552871871299743985208917588274050067816306464720089901768043329566957871471396
32 2596403381439208324328574149762313142576011089701475083152223180125457995707485636210805125199222600630989599451352049619549702852592968353483173495329299447779102440207761140536738261436257236278752012591114768095371430328685664443132282
33 87961769541305989034867392441848690917454295183163242508020520944907329792803907868082034255330717583833070888207481523817063413568864456205073780341765200251881416912531711548750171018013469890780829439516516313504343694025407983335725066628359811278496
34 11229122197199534342298169012575913361440418274234248370307967936004220956767683047916208333008529219510388270597798284872526911238547203821383430825304068210566649034448497409819941269648800623456503114017091788161752228535403503730811693071110543783375270521442802854436
35 5411023333616787113110703145496334167803578448868863985245650235099754759210093791630476632577128121880565857880763533673946579650642896423437867569451672260135774792400155422551940523077402915785653288726080404261495669629657294661563058218993796140897378797155094500147427899545196449816
36 9858346763979036172764769256010752887801645481899074133299554149158253209566501822710906332103983739232344613006100078423244983483283271615095242476735957682749080834430891887001530172468961476011983679330041749510662231724316864822358498017830671334435618781456013745603443446353848443419840390108312804336
37 68012747892344085848997085942130759231456211475775975454999262244314373500668610311405600169246662964477543774857518673113684946610793970130350307423690925132522330789987725135951741859503194598285230574457436014232889112114661867788256675266959934285777529998555511567489930662973062665749418915820073373253768930044537873248
38 1779396784403094531322245768391694267724905787690101731494669163446164750266570669473157413360036957823319008399642726509244617677717834664896407120822407179871138988913651339431371254286798626838379635944209463284809183159426739330478470070658024413723107626615753398834244110962273826417257792971854613292701730429771661072604832497006699642218
39 176788191222875016903573688504268014479205069628876262828313269800254982426579250975506609795270415404674239728252375407726944029744987156827037384948869373589654725818303161010813822469240415481353980530517629575044988469032002609735691089000858758462097896103772075242581334465612378406014407937877114763261781903067306483481610675267429530055172345765488858434360
40 66788690218559846063725889709416525439440721248397810358813376043848182556706115711247702357523245069504414539703089175561626100175867778885473428259165885717392299537912766542534235718397863012567013367645618457018935410779664232775094750526917512392160877958746883212424991876733228080690544174821003392829963794576966454430006816171801692414110942607535581167743941432604288134320406
41 96064928029884796756070089343232546850813876874672604097235719401707216889303298828692814083459320645472440542403556265990114562570469028212620408711460942045328382448601374035067131084322905117556765191110363211166369210889073321336572504182948961889504950646447958310039164485252166066067655363078040249351568321144076938945597574440343959568125386144485581316072382478114411669268306521118648367706609188
42 526691028633143296826526340157464027858232882061004718518611282940668332017612959383198037432254985035829798546104008492321230283762129979646419174888393205080583391666900559437368267215861079550375880819323293449740117712728879553527264706697688666615666996884532788520281736376666141643700849136733411326800294507098026724193838548469414301253810121206045335307045526481676268350289832972778375425899080019045156195771080469960
43 11019671318211765269940879654561303358396466680401739590105437728980291566969585747978889935641275538143292574615810872195764402336251005142889040659579866288531871922910337776345862450156205132957499401573205490439700005090715105459033244186114278412733354178996568104792233885577770642770886672987440702894247751647129359590418929765128840004547312622002539839059477349210644616782091284661091472016443976966479484163874570948489847440527659303733596
44 880791086211602104563764532211228269801982118672753959993462222793979105988998531023720296412286868289291971832016435160259552419555959377252694637561758230443728461879693255195372335627769725721065373632996667371177523647670495689532995257660084991290933392196817574513708571225487112781874955535913800854447785608090311273578815255086416142616804548328538610655128796290279126444822821902495150518321464095210007874732030523820162035692643631046348861360369453153086011512
45 269226309089159843753006880912577071444627280904480653969834918126331960316028340248477489361765738245860841946033741682745144350878381922506101331967189568153698683028801281999209170732245998932373128911455746075563064468944247655232708923916891198317833456100938537780284926635452093261583833800602493427973039918195599369250802557626141196345669647987003874177300359526146463975487041714690493894442848169437472111200912706387951363100143787629224428208700312382663780706734280921545788102843480
46 315015148999566069603173299853846061469229384907702711869457277389455773380237363350154629069719679365384837035961262046869610909748562912810109049866765288365188674302043411674219001642262073995431294394817788938509582245705592091104633570654510027596523072753991298928116801549546406791064608039335253559401464995221551581289155125105266620888888365271336948620558995417967102724490777883667878576876595022929874005240561847629163276756983274016837610268542500053247596266489930258922610172778668950153406303542381673534
47 1412294670611251772764321907288664241301895075029194510415833280281528039714556047726313105158214555746298969694525230896730161145051785660206881999236624858301282254616952272068823131253995114568387626825637484314388125905809390835994526891758348120770464625300175879200788406992709248145993787053140424936964798114119866773447899390577493640558140538068797531654730760523043202882048980657079467639986156362203244882049066748175028274409623256417465957996062393751835165400517588783493555180536924266386366825912473785238312002672880483348419052
48 24282446111196960673535223372885096373592810152366840820416849493423065182084443370054482411949143917512051365860537677062703329241569758238549430026847768448525161366166674948658140286569349337903526387256881880696420738314564246348557480557474234543430833469117180201575706670557085533581561263598140523836630569945876984830627220773430283187784674447561246703602927780291095254066527255246035524695011192906133225088880794517882494079094659680089447094352990740511280134342021950506557652208709883059135492770122150909396483646551934212575673125231048151177880240185680
49 1602543595780422478672336737176514769115867937846921566986765227646819123633186423250086638985263110043962272186870900773228265961598159961650049644335027333829829104736369310120278041870687829296151117739020276350276177166325268732940159467488538253197148933849186223173026551072011385496465960413886872955701203333195207118246642247896993698430152872671672386264546996931232981155362361206497557795073546659777277682525091995610661230107286979019456070526441605540171770886820592807757119553368649979122968647184102819953306609021011622647605667911979124619638043811550849900065677142366623221056
