1 1
2 3
3 10
4 70
5 708
6 15224
7 544152
8 39576432
9 5074417616
10 1296033011648
11 604178966756320
12 556052774253161600
13 954895322019762585664
14 3224152068625567826724224
15 20610090531322819956330186112
16 258578420736523640744475870309376
17 6203872535600076759721793585958880512
18 291972057264366461295425573484940876457472
19 26466609822063657833781540135073020739747667456
20 4706639667196516751995493710588824432928864602337280
21 1620743551638301175571654090858447801179561239350950802432
22 1095407533478272042550910619031763447423232210765100031269799936
23 1439430186328788944517502583033103900541082598506385832122521534347264
24 3714886169448999667195546073025223074219358617334892734966835128774473662464
25 18699561033958770773516256166624703728150472134051355606882005012547071377484550144
26 185001659278608700567323617731061767040834879163369458189941986958733470137865822966595584
27 3578910640620611945586180197014653115511891596307338795218436895251254042539083464023137728290816
28 136180245359235130975327418602487074057226822083613429775248838373073819523845333066954450626827651940352
29 10153217113829035153214669193885471582574592169990905278458485051468348936292574865724471779301684431988802994176
30 1490075009198648350513087504798312258405266211620303321236707592368983299960569292242036493504604664124550198817880932352
31 429219942249983145110173768318265013632104980768230593238784412421558533873380031352320222517338683822207496800517185593653035008
32 243546902928337575109937082923708099659014282611856045975165921869219137338263445107560737745890981978156918111185313640337118442387144704
33 271628376034458375366568388399041772590442510332913414655265761686653105518370051866001453177834495932166688312684345504887979171422302043608252416
34 597172339309461252010310996482620456191828191668322787710529003423898982481430719232625931817589547237883903427862174222253181310761030410754395490686599168
35 2583711109813706210792649914920148682110897308601283603446122399414160183449560253647666582712750783055620524113604765123168053878134978099175127308283485373501145088
36 22049786046240516255881621999738664087240468610931635183575772882969571324593022282208511996852086568339963202901618144950011230291045563178784765997792268574427552150802923520
37 370715689341637352172847107015107831635629860587249987931800022930371217185836790314289988588111328793966858293314267710263973850169254600325205462405112820675986517488098595628407586816
38 12301564702516256054442306697039347360069651332519727203116811724144552345364657133932526256195513352559087645922353078166096511367697008031421129364161530182542088183629728233695901653331658407936
39 804920869074299552088484706341987880499566716742114904981896495331426847114919452173656795808625497308029154547347869277481908254647967263684496614775508830124350315613498058886570245360294310906975093260288
40 104010743128158550807910341632731845417607316304223721801470215581733739217122892895788223617450923879499110947876364090730561525298916993422497291447885310690006154698725544738054515610086356320212594991118173257859072
41 26523186411063420041337605344973198107883442252108733000729461152972638798614163819484366560805342345905774778446253059095074916046618163994369852945503673494543601005003516606646108415739648651619314498000452046843194826665492480
42 13364052268309814039892713719329396443890147124927749549272118915892272032804802105499616010449167457742446358575491959772086157808473380079167573357210442141073879264699510877402115379457714807855389819429021802745582515324434386285555089408
43 13297878171754291011209632861720424302665942028161545620746683514340606818261975249430126625936122985844280370589938172750670880965674288203156565282500729414451910293880565718371973825098183888504684050228526091007765848954250149740418545195430885457920
44 26158246256237452403229039727789227521899640763768311648343123728243590731819155546358120737448539648070624424754725340721132879929521415876651040866758024249758453190571640981405564085677687448560033718110058021462243265947793105276249599357315548814911382134718464
45 101681659807195656640594562643950337567244381772730551221099976503309965108407095900006863712906276838433247915676458996200674623855049571565722962069547592921054059901317242640890323651895410626677950698502833747515943993053469901985551778886662146978456924627036108720753868800
46 781737951116296712887335736564642983063382105178524763579311057300418906981253100729365597649425528352814758460761954924658979013944264585857686630778846102073738656593722940596484750391689490743795275646491200323786798431910578501877382724539532574009794718838902414481040651389174980542464
47 11883257651943909440965843606321171504069439719123051459389597477774850339542588358933108842159542889678014390139938344165940597985116356100275514897163440452282445651303957075749469950835528551340838666378044321075398184001773905725925049608605420939125711072276582136141768961009500163062808379773681664
48 357423649876381560612216768073829902048941562320551489778090424253388348544506165081400147745688068007408134748396531472215025239060242035099101131093481471715831933279454914889502551751333388776344144230685912962273807557567194425819420311796931481452640984421313378314001442611033652608708342858569715208192132120576
49 21267234325956723693861923043981584131543578247465226482662851333058352555037807907820656598431470513843183726677867241113186854113342882133895520084930667969523856385185391012936692663979780597294190035021767176032477216953178572349493675701762122717186769434440388475325464183142642621785810811653195898452552176578349029025382400
50 2504889292971747290391954158526818309914185687649184833934918035562049487610838221399952916002275411976640662159572772910293563558723463386217907771342631574936692737641964931268229044807584403792007147253484501681509268766524583286004792106432652814163837386931416164073151546331585410050728704328257338907432512560984957839748722127011856777216
51 583915234903949433270011950088438915008951655686136298723552000672826205826291205082031728429322775856183319804668484144619831525357142118032840257864686454145025154709186468818750310996983758125947273061926249946034851308972559285922886014243708262453577850938815699952246674537503573331912331019619248743076731545019325750905635251395633281307368593465278464
52 269541497694774877560443035055463153804119974776863237830370966927173718870430764491032134167565155899679994641001547756217932377346117069055113708954733249178759268993238652689480508279805482736476314666989124873365084868110602767342177847159087343021253975523892558566028474500821993239365780694587351125724916310239835847859221648863064989802474924063317726494919430766592
53 246360659560631294373987147970138410612061326388882315716441587188181930416750882846237148368581167260814372515794076467659244875441038756181937580984996571175533643383915746074307738625093076320926163704964926082101994579192052102824420957451100071791525441022736110521146824626405059323993115853615189981128791761224606891385588124270906902754591859937097619247704781238765164793763463168
54 446052292498160068274452274862382122623277884967206573676185562895617226305139799044377493900238738431866630112511884991727205375385844059658805077847768181915060693614330804553254291843625364522780968940772786087759794656928836734980378643197166793888381807663281372311020704857531350282545040496585638918062335333915529277977331480119643315810090135323655858053310434272920376322776832238806404729667584
55 1599708521310581868849514726479885983316710788448645079766963506864919480804088491632522805846709865734321152015714472944227308176420034038952738824064609246785281491241249901012804368718831345175937806507298885579034263429734438227545309173335142941677466853378649486940762683852199527338922424884789250365008649998450203158914809758088220397576199098695364837432804644751087180386460629251866668683018328601216833028096
56 11368652729891421340751652700435698693590523678571248676270598105011987444359366670583060851069521247315204399459647954521134536358123705740112281107314877092832986636561901187440264325494809927641169728059287320864355893927968833839524581430221891321453156343212606465484652420752531598829148009293776235080657376345173557473300917587532759338353868229001244957195283575792883881775918019214170843698029744971650783610550768623922708480
57 160094022683175891767930424567807168790783108790280777505671389377723701860055481906922799747667035760334552250992913682414567090350936979851966320070783306791894378051815185301868650098408390755013322154444452606298681483080928013067432963574738863921284103534238985948593983373340839227363958211478880314835429009548421384296706113545108047327484983915453634739608952264657644101588301737680920621982574062955487648403616570488557308567935077159272448
58 4468787234647598395228227166624979583846752240995139597451876984593202419835385712329426576183442158002339796860033227243696915281094432847711848933219838247708460300128343979001353607890510811251191344055021325767846198697720508658944899264438046558460717146543032449899950207129130319710211858945070212737414982782221531900541011716740575193031731189768930462920610859634565436107884736850214747343932541371302823089231223437120954088866092821673099386068481532231680
59 247256462412768930820192058023166312404887618065763036046181159576702439227344856126462297688717846422920054596326423357623664664493529789347017864634707545167752584089766089055352690446059665252945895277765066150781048601144401291756994825416741737898312096561535444743240650720165445144128556953402015331030347473693539794024363249755782309672339618706154928314931310182909771702480400688447418577858507770248856883610611620542705095628780134797267268822907100701579346892189738205184
60 27125715353488481256807967774493335588596928461266892172067930798732705334996924747753366258908860561718597204515130857415465065790019892493201629198977556175344164196457782014545803320193307116579406195545650591207108653191545745810293706622864377205484496235887836785192632593415481487797402403114693746121738239453742682122831108292639526250420931725538815644337582109559080809889508360226085990903868455357180205035889190536922968379479382954732944366385837277394355192047983265119382435990949855232
61 5900557910437282297206878505674934248951844891376242145505389759055400873283159830489934746664817446014895254342107118663307229823715730945639240706645858109740529732649251412226794682883948094810689446542883820248439309231771560260511210979995679386121195383890219014455967581716191420292648986018343853192585322595769683176567193366096966611051123269237462240350863136108030223237742718444998144958155984164126743886850795834530588216552980860472169625686399450834280417258380358978706248466483249180645834111789826048
62 2545658084232916581007779622387632684185404108891968490970428209449733414688077984002946519683116441953298854065955076492966252812044629074434038437263452770163128681663330480187004807738528667129762084456412058496202110411656885534577869613903480892975508437822030002454622506449440745696488326311868990422299014639516104358469574114809199120305204406703460919326979202835059985066755649634430462278988145639923509771436812513011331023008392927648371194348017643345141874516592615984235605400800459860796582528974503403368536334676262912
63 2178266095866788401108017246266048363294991607738993887673775968947894868721428188162587358606335478980988302582310920768015637596518840490371725539737784100580623146419173081451760687969287636579311393105397815932589798472092468610095356656207953711414243699890866510195561421837781143871783147386005158988170210389326162530356767546336740482463201155662282854273696643516843936284802938656231395761630728662210995925302762762291261286445798567679485912433190368972589859971384520488176075794099075714908657412092581749367700361074435645878365285431377920
64 3697681221343690764807451049501003426788943000675214038673105635239098830625371533540309773852082090153140607285161898772611315706720866437288768720694490673412241984440580106715947373174278663058879881468366142842191491995208355355652165644925290513074856857088098638850245301230091685800920712588100844771954635790677505171523600577666741371952308980291329539826847556639358453684954735563211120516034456729460876995467282926277884459110006499665171923569894229286467039857134580386359875158330010562652546183299704303833171346732014130394923690049812727486189935494430720
65 12452857262176483595231246833111654857807296014188752129769671149186630631535034157607864003928986000520480527242887789301607191238444508770092426937096150221086075849417079447216298684114987895803354582021210033813393846830605939004191604176689936519891016681247346815797714677452387505781232888984542709556940393909265310405730027433634005748477568689154417436535533252248141952305523232443903045284974710621071187202671500795072993746550547904182253035365291985938143964522820062419378347174535242077032275821946495927675797339420231660299449644629795032367265994834043833425018209842495488
66 83218972943566070024237340981094245905126693261831166315253442583369734518276089804002674470027679478357940993963086441723577167577627289466766201026225835026000138848954406758371673179361912749449888552473093920576870780317342060154795313220949123064927710030561797500317280304213686649051800071031575480496474626940639092226034350670326275964006254038148354277077085053944352684867604805543488214632197411038465947905242457892139477217105403819855704145557074868392745045733645410671612985257049017753085465490941366542154306481655531019194955018455032652696728555389681602629050365693141590992501342862311424
67 1103586272977610056289523427145618708811163832389333168677571705212255673952562202347604721585761866116381253932917844194696352659684837118087121539825301196406550411374381419429898372545149197504078060188070996560010596644349225714202512378798960593614551757309054504851803259571930118617610431028263118892976581473549070879208206819548754750857712258082790548871624421137065791909162437854078406821943197650619545521937459181239172835557033158206431550706200056131190525530820061341802454172758913279769715245375490586521327342793708785899785438591300191437826009343421834459179959982382626924720441078111926648989830580946337792
68 29047196026894886901351408277774856660379993090426076900756532561307714555443927729968119934390041390520689718418645882060219799930962879362234960520769134120224554583462475276744295342466629608135787436287695636790867953684776841077701047406757881622159059392838169493073953493379606950394983794498973141815180422735166692742395572158556574857700384325476953038575829790158383266930114501039829188826324603328601015481797232366984583460628888684607552675275819327564281713423638226168206148757847486481661630270018952260803089725200963643283950252752772790515719333528035103239525448891505489999910895708854232359001204578161548813561910407186087936
69 1517523797400916376269100705437022792258136523510330587788214560646237354528556944333020467219159861698667594602463780662879063858496483683398464103366404347865287936507187938767040068022780239196213242324671909611685228517290011901760196341525056719820939622265707177462632176484766808182768042660218708320303741830647611757723739451575147852720743408388770375075840572690089310016582572989599555349450793118113205781173181534725289834601690056581704876954887479574319036045132356278962496918679573057507762809846191093560759293138812165077492520228023617283958652461472792752539108579498145420836722522719003241943240522346346275893305225945243868789610326302193090560
70 157389407470977493409000225586358785985271981971217118706082195905465184474109928065958368268553245348464033014135422466337283784275685556586630297610566843647672548337253936026344566033244446058275831396820628440056587884018344944296593610751573352613152708160111492336649405759944041360285328979645086944077996356750756232954047007985142357746006686880230749171730585590546106967990251946835696879966825972222034354391181238009829744601277946008134584765648904264199893595889719944899448761064168938003989432956649763623823601090658458171024595189120002667915832415421088641769834747971875554794595780906307583571337239976861707589992829333166543979481879671229641591433905795363548168192
71 32407494180407635381860290773156946716437315076719821424607670853561386751799998734541178536600968511902847572470844516969385688072719019731628135201240236089560959206396226559063752204022532362865286371477289364171793059917035285014183977881759432043860680048612778896131627164645733151659489082287488107008887683878835802212988525304285605089269021120955293214450841536895619768035738236776063914173601768566235115620936088163528066276109440989294750764733856100901454992634552962466623968668657743360256900159039993569610097204359435997955184406511394891673817378717861169923223954386832119490589602913517831542159058791220980574366812098680313304049335279469769244093327116320721962748476858791139876012032
72 13249934727710699040262594864327623130727124637840700358300928512449259628227452079710617193366019393980101375364209361136860381688251217771725346669454346146596880082198147951958301675850842244450234178919194511247121137255874621435542962569544172840110408080036829089745248779187549423996466352316123612190057341910968508422554763492550917414018205467252225898424731410167462992810390689131573723686905646605407297062219376168474654400256766003265298227621608579336472901718208760873427979957542724900902332319802752693974150157039454000770583303189984023055808367825820199471240233847715975349358087448567707696734627222979682902405500944409827079225887368014724091701724718943592219479802057793653285901095586159543947733499904
73 10757292026006660696631888378378623924263993932713346936225081279625685191719660155848465434280371150245155009070362947275636688297793919323989228710462099737300154771944126391227387772164999257419179318171069949318987884718108278531077870599089276619756685806414618825553040045656819165563885085584392051653661683162530125298041611095164523487478208198983207750202424366259254668564855416454060121355494162746521922620768019378202797896180683476830978878528033001828643548749703938705929776605756887984556950333605299178836790322598298918622922941300746769114974636993896141109036282449253853541759440651162948872138363550412979309938036252300230111094528420809046548733247216253347691031174707937080822523965165573822627447671321813244522110663000064
74 17345046265668427475586721821053373804520234607829808534592503876540981864702324808456366614627287662091597291928820996577114292921644965254336265766495743447793561744327271355701664364179329449717975382922036481285542060124880182748236582582117179519170361592894851942775279409979669473950273600591907533888721812243987920301869888499402595612405386713274984663159259320964101962244234596768217056850711787562122746509800838361098010512853748283978580074768981347080150848346982881953875246530203086932922846923043122233538057344059268881475041074611097378073091179945290285173777343582601417250459258334831153978187802156512443824965541877417439513817484876151832021541090422320005286367654882648565363122406734770781464416774752052737921460071879823567223055675077689344
75 55546249553144270754420035012092860448261518046777141956328669046983111181319343816393767669188241338716371715121183735424483620027192169332446690740607310367895314896097042581070901228186945499353107096595230032287435377263736449595536621902163456289419752806173576393911625014249614940112177002158759835416412309199507008560567038171507190287989004436364374809951983023492823938596227412202115091085732315767363674123744539966034096957006130043232195545308620304112257491100750748763140683312921910349246136137175182644860008908473514188583217088179451505727128710436374856610548956328811735598919613677047347476874393084615222064570977818672671112235320209484850930835100845523054463141929033802971596252521675073359409324523578922756491542464523749333700178696891051339925831808385632174080
76 353344147890321590083310230422660300590178823216239080501850044603420168829937177412780017001492839883794973918722195810739728958431078557642127418722153964868326649432740069993635871864785502511895517080171315902301154988956986462141049484820152090595511650568178167791525558516205784351690403999186698298616426855258928563860677678276267459503236664269917465115149395316547516926608519422388323636649000142510596073394765033494799564618569981446527292838415072913746106518078749858693890038711923658702608537239453587220053809224313698723636291965314461624750299431173995364535172406641751723971707045571429579588093810605819271579419692093391471575422173402996506339456839400326896670593325824838705324209260669571424761432497655621218837533309732064625357732297047511129866554398359121233820473404637895614005248
77 4465077338018502568825111875211158300675554603250053954860767920045715954728897102317006687056887390070658936340838458735734466835224034586840115576022055976115603653171857615225136469609902995969543504304848524921684526814709801614063471085366089450644446151095890707672733545379216845241232850805183806847097630046452151073324731612091505484803120833852314341101715264921567318488946141541819521110830911572491111465136463114081451041079497205428883183994556801921192732625848944020054848325510460992884014456352586227003767426451815926331892062052103494155158028518982091661334477445223638648963432133591249992303801537987238141918381370417447674033617311020120205956772753769401898884450175807832286483146556715680043641178563283096676373352013742239201219634517838104038264404087998399866726967441250434734373527692302795026684968960
78 112098683679297177256769066451056021417436882711433526959709929309480219279913194102328694172964588241223763217894600438691133586058841072876413029325901039438020377458205414241658556545284393721130781686367472076959268732246615669082185501606158916708587302324803057448538226788979756873393441636169971505044932229135024419899723280613911703748104513247490806765446412955258860312697323201988648030811525652577964628649763108368561162917857568705219443641513685133303102864565041940672587940833964653497289440619685691028305549697134052160417714050237182273639014673206218803686358356800884076155485693122175846434538810042534244347190818655540870937172090386859115121419917013581474146660327512451038001353557013427379371115642223174079279891245903999294525193245741731987502670545475410527834043365624159558346587626295527418237880088729170411366391836835840
79 5591609028878174478609177870910961150856918370930026731292511275036384079288238161026043601647508573314662406552799004094606309688283970743679520733630602494633055473935873811920560802147148773296501276910776311938834424167109015888791255573924093137332221285753192188327427799243308156357089829743154624409991554383835084982290931168401013029795353200111460531188203957701717814400734442202523533726500264310288707984789516687155383493801879467970398963662235703174291654472579067794036028155628037381081017964192522541703364086720746730353605008233212367690443095507038182441305420365707591054850002211892136036836704862867129111357336099502645649840040531943679843418393270875605705711684137089056731399801463261176060058688771301252440664336582972885025370889801533733266803513193295108242683594289407658459586766279438966801515027737292848380642694147692065289433770825862873088
80 554225283738543764617097998907943415228635499488254320915298502783444411662663024237497838485469002658372016311029036281080179569725152151752278997641412177710885082035637308032259112118405457980154207204441407426246928139112934883738444012257554419414006828263606242418531160649243473999661980431544344874523220583924530843369296254635653173838545203440608747032574838063806142556279834281304104765778001254209921938841973127281330316577366967361440877111120473639643847845157052982019897549767085334010826672229933759854631503412720189563521894819810018991452978453188980751046838198327376352786572161084133735050702456663363957655141772184996887578802878052320535036150780127386056334336370690629151444983359367777880308258236251284230021883304725027798926848089151571838144771562738294561720760453190423664301760141606704315041607422172936296752068860649800518158476615995333680785600711130610789253120
