0 1
1 2
2 7
3 36
4 317
5 5624
6 251610
7 33642660
8 14685630688
9 21467043671008
10 105735224248507784
11 1764356230257807614296
12 100455994644460412263071692
13 19674097197480928600253198363072
14 13363679231028322645152300040033513414
15 31735555932041230032311939400670284689732948
16 265481580762520930072845197261091304921260990676802
17 7878332940506569588782402627237881550737859569467984886964
18 834725994994106124910577710957367584238776031381871297834136225112
19 317630811143561246868123019387180637927069719607388427874902803365111204280
20 436421824266035851776008894474061289745551397882100914072359707656904585670134102186
21 2175841491972551712574448190161119124974649182760349691278036303936870225155528392366866071904
22 39539626052379239872578823624545992034790963778497266168274830289662032917434747098035111028561774954382
23 2629692980536539780242475422383885185847130154026375395257429202614028192641242889917446231989096171970622019240096
24 642510828675321278222154166115685278383636215394854587373057954008117842108552316414600692600622500926932830810715687818687780
25 578713612837863596853942399027226079717416121513507578156734159710729840345785391569007755861621595859570263401167912688057092188138829848
26 1927716753356247806476441617581688219408804421434297011940688471181053048749345942767295064308147192166011759095510823323278715729505828132017886595884
27 23817903349944080107364489618603878780971489921921313147420543782289489521166356853421517544625348543053065643235300284006211303352442302083911731009409714215837060
28 1094551446028126034656773763302304554494397263940497017166052275589751243458589929038762400362036467313410864676534271835182859602380261007378453485806398474781220125727168294376
29 187563949858536407275354707663030376654752734726757534005994421622756415614180574670073178777397080347484342060678714876970602659187254906074810475550854859642324656544698487994908878412501352
30 120136866349264280953138197302804974371772071954383988038101878490424859079960153595544262187486802151413051612096921772899240485642586115800060236152864122110499999970648414551275726266681171756771952435380
31 288258739785091044647875195844056051713900822734157364594275790387853710402965467488743093466894014232344810383439420603743142721949442670428205552871871299743985208917588274050067816306464720089901768043329566957871471396
32 2596403381439208324328574149762313142576011089701475083152223180125457995707485636210805125199222600630989599451352049619549702852592968353483173495329299447779102440207761140536738261436257236278752012591114768095371430328685664443132282
33 87961769541305989034867392441848690917454295183163242508020520944907329792803907868082034255330717583833070888207481523817063413568864456205073780341765200251881416912531711548750171018013469890780829439516516313504343694025407983335725066628359811278496
34 11229122197199534342298169012575913361440418274234248370307967936004220956767683047916208333008529219510388270597798284872526911238547203821383430825304068210566649034448497409819941269648800623456503114017091788161752228535403503730811693071110543783375270521442802854436
35 5411023333616787113110703145496334167803578448868863985245650235099754759210093791630476632577128121880565857880763533673946579650642896423437867569451672260135774792400155422551940523077402915785653288726080404261495669629657294661563058218993796140897378797155094500147427899545196449816
