1 1
2 2
3 5
4 18
5 102
6 848
7 12452
8 265759
9 10454008
10 598047612
11 63620448978
12 9974635937844
13 2905660724913768
14 1268590412128132389
15 1023130650177394611897
16 1258149993547327488275562
17 2834863110716120144290954314
18 9900859865505110360978721901778
19 62789966700541818490820660260219085
20 626754770688026263598465802369258636679
21 11256824990452447883980190391781422490449643
22 322709197224240210184021932827114034505695268296
23 16500229648971657958448757393252063495966875945342103
24 1363854423811897643093117996577197078873109190304984874334
25 199403043497277732688200817094827202121041725841248825841470489
26 47673458041008308339959667197303459424735715919978766546406524143862
27 20006994424095895824681312306066615139962829403824584051878040528717145556
28 13872222728258802667853232441307101148795874092673102232824564385403409496328296
29 16766047953678150287195026956978841678042411582688907766568264592625372715762178349194
30 33790104321136640172818571219659127119006261776486831621452995226889576842401462654329631100
31 117953807792279615968449749206413140122032196452936856909398159956357136726573270010838932911794403
32 692312959517691110827216495064747432328674821894194225519628345832796298984639344226616576718831994649562
33 6997960072985420417922079957613702140094168878832273681681932041040017120276754377447661540118823662919072267426
34 119817661197738476366220629789220933166192344416127698190827489155101362045455824073330245657269081128153464982163246205
35 3514953105537499676783315425426555410652752611094278378911006397053020256472519134678002530773833101026101726766972466840353188
36 175819230450202614534824920416895273271596493732125449531256216508480397817250261623427690907246685794404233192006097778816418315290681
37 14999314478568077406060457965198809747677698226571215803150089251889445607973652067919099791121668200034642766568770737378600566660085743018159
38 2194733254541906378112907607517683909368361849614696247964692938752708427268958896421538067644872818398938973053627755328147235254769359542478785911617
39 545479964162981053950338789319293154050409639450604651705393813215397187715270962074005517965306908352643006830484667727350487216894732564609013988739942932592
40 233753717554458353688987260851379625741012295415581150064587521378965476760061245472301443799092075657755561562545135306074642475282053373957370013983420063102168430029
41 169533317326631814406731423683045299523417516288906018057211696145174720735394766552785571701643688932065419057509684281181739517911565333928576514940547500872819768521806383818
42 212990214478840510685297509687343772841544450726450082676945766082923192500717677032750307957031022958722481258265779264111254983911803117841707550975771699253718246787335549994979236297
43 451435167219285902443136643009597814425674332907882884952957926588402260840767314362292351651763740363688712137707958473403398897256210898525463593529171025975020641632270840582135218802604233718
44 1664323004277684837088775023003781264417808549425387036852586958409243006026133976468752757489441492103626416999934445117216563563554217284538546411086932045434545890689555553200667005905111175445078079728
45 10322700322456568706959272692162483715312795006020098966759365345034851529721706480451192925113212065433021965059310987843687412730123513307973044643693639707629460152058885394846870237020591045872439547188949908642
46 111776224998481499083805300634218689985128931319110718481030583433483482760299531367643210309273103300314324202057859697047404458217329755604508093810563215388581848734380336318958079636515748734758991145018771654359162266141
47 2031207318484883093084528444678222196561970266137381886710592658952523513707222583602145712086421445340278332214270589395048744898391825895523143110335953810893276320426874027914233674052097864825639668135330433465234283062615698262915
48 64650073950028739010029105990429769163620132823530457531369080863960712003619326467891985746849066070295931511315282415716882204517434243728618407219086990388697900165148506606300008545739991415289428289982743480892136615332666062259975292723246
49 3445931866731133017224707246982284537549446977522449420392119188312410563738763733790311279348763027994691843540681013994265222924122655310968524093041762977388415512960967660825721205684051952576121493679925525026504347354806625934681525682234411608944223
50 322624625048339341603518001240313589834434038670732425902023117947812932424851719378121476441167348415714569966561091055923044849264586441341437880817221638936276356334586798096831359982215673561708616000719557005377797216917703682301647318891773586377249881876683267
51 50490726893235624682492234361781115098159713337020398643318459534835713434780690199554748841026878480806611768153437982699341100641890937266370737376265950576439612806276919764155109783371064392263143049959841291029712643200854914362759731224566825377011539504964120684425569674
52 13914639186478052221163809223298209768399097561453413772006577103533739992029661390544844229892340861144964071390645303477120927533657017362100783924829643302263697269060496390938291948410074744161530536968223033220088470060123331994131529235585511678154113197173317781542819306533018259890
53 6399860354696019951226131816848744679271455962001508675340536714699488010776392042753153572793368843613275176630202641913621777611028204027375194331923595060461837368507656055906685044251413310527570388692406876690558316181914889246106271424950749005321024420234458157280250126584396626159681294287832
54 5194845898568161017526219479378284644707549412772013132981139449819935007050435021792030648060864956588517171343041725552679701359834472663049782205108917544360614760069238341760139028492728964803386891970093228351205899779597099889751917845756481522703023255241629626466360857826500189153547382709200002353003509
55 7028002540613937886073088603297540372290590226456369231258099187488299387146317064336279825016670411534245672884793670586770656462645551358330908796168629434029237379670715457959158568499415359592629020316615429481959004049892836233594234492351710112851499676278760387378328606052955689595704703851425586345147588489900509870
56 16812394410569836484581018844819852303912000418820256854459055213751888192670789318819562168666585943111789939649728034072458268525204200145308658461554095267819591467731144534541414881475296772692837039342638120548709819312382685686903933067484671115639587266103418553900251047069527625963248967948638688258668289043062430060997718173407
57 66957214456435950362102791472782817451203416761399168763978176640537563838685038173473142383564569924829373466081174901454873263707045601865216162316514649070347340174949374743204536524737950207067667420487805044386228467733561462091597633934940960989069945817882891953698520351028569984404155523471171593395189447093161867934463701244051892075864467
58 472310394317722636095028104012157641162303544022635862890731178139846331312366364525703031267179978686871127027564183268721382329425771124433637581449396976947122862541798968834113239643417166733116862912929557331883647742927214275113117540757889098146050578842497245209317401357824832752451532352492078700378317810184668929467992938142759514632230501410432704223
59 5541486597633453196179966088673868518135185489087676798204555168743820510313721697941464849281811152981096821881466135544420408305225089664896463763223136411154157843372911761580870415603425155840555817176500617972883086477668802724012207374113675859018302575359306894912299341414190877064886643719035343000130289336504039952593358863322567034243504976797801642148851673210963
60 115321670718900853185415211427370055461967518031190961721756249227635344231147771443207301972577467164732769196555439733533838340803171311513920484041025578954858632881837444742621248776965496598000712527826564358638126083139850604440161139594515517757926160667648244180629724107554366879458505754444784661720950020922963557242730187338948313660724108511462863561794365207344090773306073471
61 3988780764019013087613974324933252385079240712006100158065173161434608357229601048324117833514511896400550012581386666985988039624867384239013529901313649275870341360818163465745664044337245777344977563839279005619978694012840355696737170484865751163177757067755235105896427682472921818582960449593154485493269017290583043980569127568627796877034317627021423859042539666297509348299630687617197627414703
62 245012323734751117090426500849208208622422971270437289496063540459640369042915346819407240881818217688287169522339372021870782474752217030596553999832517755484697265716377021594280237950650244466363546880940407817581612513166065144100947428773279928910758719204960333107539921702276894576760852190883735517487392780221700413399242105217919647072541323742558654222170708454507357664557960852184623980393450657627451197
63 24999217009244634049990471901018871361788187299003806157509008913533805868339749178836619884416229556344591835488536290469500222195987326215894707505008723260317644359904218294238745331184300927068389267025154571089350288498399021923196458230297093705203431460730347028099546821719752500194785142788166148442496555652503449236053633383506015195976346810798479565639810928837769308641475602744382429914734472271735636870890654070132
64 4534545446224090665388346620228947820907056671692448050808958652616947020342161981011575498225446311170162155681848525813122275644588058927990348885308557620866669812388174501127929640972159603541332718978434794793787803077734687648568122168516243990528691677003137262135265638837678299808208014080234583107553662540883073745092119149404113953331450366457222646341267696045580839801057113801393700652839593369150444984124052371157908923341023313
65 1365656583886945282012638455224644618823667837303375810404115391011372924359337651333277398934227066285732095297030481028804412282547505441029402548686433104146520412820625401480626017228148449451574717933075239214159597591605939921537161050878743928686164498203093720956059387078951042177624463578870818987311568982566261727985268793599257306068925230178878184352876855257666053211907531151776912146634961408617837047997939191001668278959255152310135743597417
66 731802498037689703547846441887652558474218444108702779354434989399440678543602762514407397775314198755308672857247085803594147011057169365102941983015937581880567301733659729199174329019287654552483525869574724053350279375377736872011623007465762903879181663903626412781516457298778686417002319094042757941262709326186456826576110236954520540849586999041144251289321750671759164485534221170073058284592183833148960775517401137639720121055223464322587556081403406894775186153
67 650899450715386873878136210176232826656702894883989605822315481730569836809230840782695231657161117066665175801706211204214127868266072189727453394518054591898653878904659703232879143674718782633511075020929258530418620668850352895564712551771593660092172915512478750122427920101873285864071811594676702856509210227908500667596869063414680592095290774662810376135034884989609377940681010497343874700182579817747579927899381096348214185709998207677655625283348788535661858898208045011663241
68 1030829224988285474312433789109336589090037145857910127950831778757555220521247387775296461079366919283465429197759928803800309214871550966280986811072521725476857210354765334486301695624213967303158155166481607269813768101230384206193233342039831164093424647428937299614891913555288744774363411928361920314976976991455820951965041804953610915955345368838946731430521704244166341825549704619306467689415096189683768358528459349375538139071843199787827515301233322518216766294762768267320222499003976518403
69 2709234035239401916658436579376259698952462377243359561888984210476500556183804086027238005937059168136637031694547163235696880576669327396036265875090128514492170951670441496410431854869640167750893852270598350727569049737391781571245109738599740309867775959441232938109907117701638551479545267505728442537341020718145236531320512553009098192163329265684609585265087566069942698526729564111926821348868439538674502698739490955906869655226230367717927033873734930656899406907539814314303440072864397073711667917174050338
70 12685453360229209641403794059653274775309379180395620241251121104482469737500007395593842176466890820021638547793864899594614688821167936134861952346320343763787967992566813421712666134347384112606852102921228696137831193493338308932607792620113075616946790489372040463345832738068948548585109748673432904652222394587100046208546132120935729128157341895191924581358677475804955658770565193805151262289902585573281153930935174867589637328644642004181738113126522432102486505880933121828910017332359220348286475788564417682718950716182309
71 98564141380671081894879776730550066397535324972829634415971268849830003168713118639492724182742364552800250792037490879024026693838343197010647438167283126612848332159674459998509396029758949659103996001450515451459899108946703258166188337413240129712213519560754373748647845499356002435765158462593294603914680575550152642498672612377547396058541688894568912399454586177622306319914021140201473021715194532557255024369323713648552075133338077708905744187470965820574399863391695747672526817708453580740330007238283086703990825112957376100974201411526
72 1364969239217340314975096073721741991813235031709730692399433929280075055866026105374898669952854206845785260184042354715185419016801893760600181177393727442844618220950196779949162294267672488229865793356247398527357936760047302993657912290884040243206642959662354655421025459795739087587326959529768585023670823395756970455471238445410020539241197924086782610118423224648606931045092859261510142181354241055966861053452465669895143912433299474425022579250439547593947798030590366630690090901532381609999245349573307405672243926119028063347354032959593311396012195431
73 31368185438619724361027182603866052141442844049216782971365483263878973836218186937521596816445641276293581547024963806842843856444762119776574095775436398215166416527007377639090857853226957761694120223085677038487857431756267606281515021348761116475716650497879868787649206528185860510062156292719788803215112620547909162225827917452728524154730728184310777576173539789549910154070858508165783321970615904826281086285093969417041050252900793469250313047552207036678826035185323786018595778010803224239124455883250027116587475868150019666906612014435513501521176160533634294982839896
74 1285250617191908888521886598178608748060684214219379649000000517857120374616641426012145506121859373830467183439330274416128908374734098042387116258061326272926025099218664834265118053216042531034889720226165501612908803099814016249594299084039232662486732827840161478012229612900469676618561457510886703709891503602574971464832878913494886643172796403676469467805079150454833636318218100731778406698780283908715660492218310058147976255302251970160664206708433839385235147200840071096923281312624343586794817072529530490708179420879422999018419532270021654317797171773855538879583730520433737815139089
75 87396997318916174539344032013479537535362993486859050491684128172289980813044408975913655799476205552606081026581795083304901469537142017661855476430260687773855086359484170234055996460441917079552302449581247778495757765572505661707486029376394038475151984968220910744934246435383547624674766718878789149388232434860711185324881284757651899100142303142901194710996653575444406595352567263616570710398527083140991004688617072567103623090024742720673324094666315868049386920176713775495117084673462728429945790865076252428001665781051606102721368507022601667074097537507555915944045660433741492845758018348769835898078
76 10598205682931900026514665310342806047005121741417976705876699247988372924500448309510148858200374926815099808606472822735459279845853098845114184224935237580443864559295006864582495598828186648144906859104300420341761040946758658036779646192556849897661665946577648840283665586839604402413813835842525241714670178353002627942332425102242745814209298762331263527995255647293415702597859264234374959692199887120531661241050773242923465374924982661050532416167818726861826936522232059603513396068902703713662658175581629497420403390235477852286100347248746555401094591138264584994425200509056585418298268610788005060959771252595344970812
77 2133343941253252286439352161837516413913330784123658763135432149006520372179736597003061343775214849913968336052918139405051460082959467843703442486822537495501645307155559805041456861495658484609598345701182578804619204147927741400338981896085185470017870090997629585386492229480693011896230398658381920698153994130944652080344787728171012922123872659353781071320674429534708484473029022813604834712295645213443581343046735243297120066692214276342189652180388245321983643018021793792196291210258526507881494649338132030384964484526118376659367536815472792724494888061219081758478501914936159093679334989060164712287023005048282979749323127039152784193
78 765897074045132662914590501123073963111405770809545214424597835815939206535757857586429649230900592782461385077872654081342136619782621141080669483252727045765629299024001090015375666085038461184098059361966362391339478804830129947344649143424649027151427698294460349696523741754972004722631493939771923980701999107857079530361967934488079629509154227739820631198921114989234613139166062184846577745239893486848060662890422028352945293608567354089530266598731323427018411196701293899230136323044465249824729200071036760715396950822110937176895968090614253727391104903748246974238432387936602309165577539724103501086576184184795376651615772708088544052048553762397940059
79 456548008490713059472021290223183853614874983545372277297267779824813762730101538927200480555116043480693978142400050325727983662228605768795241386665870137636465716897881314459560171711138396863903609321617240140661052069293299561926868977695963253411245184912990110866878238665384219328421391294038273531170516355229528971073365993932665249250727618472044036928544926908531010932691038234788348089140627618265488816938816794781891084714280614039969894010451908629436454556241649850534646642631027871427156125240701391444372746311941978954166590966372347452885718677900486200483723897621502885110977452218346277631131161573148875907494406663429016770965361641240141250703599852929065021
80 485400081071142721845805245868074443964127694537944979381970203956312569514457710644149522851499518904215449539548490082070646378083032898950132202914113514206446926604248763365171785478187602613095828379200308214670066150614076834381098484265742102609076359145185225244593189443104295304345899063592392352000394117007707992369189151163466279210124694193917097033548102004701279421742673153635545857852692768266083796091400153526134248223648478128371384471507967940046705098630674543928016496947899838352240501472439260850106749361249952806838599225539884841099725037546019628664556120661686510278539527837282029863872729169264502023221441488684607312834467342710723377518561914964078461957408028842691864
