0 1
1 1
2 3
3 7
4 41
5 299
6 6128
7 343656
8 67013431
9 45770163273
10 108577103160005
11 886929528971819040
12 24943191706060101926577
13 2425246700258693990625775794
14 820270898724825121532156178527106
15 971629589818098915847153553138323244260
16 4058391063608578447081222101317429418552687581
17 60169496702140627650589843620191253175546189365353559
18 3186089122695248642094470407107718003754600452801811774849147
19 606030508639773176049457630813173545248228960448961892624328814859620
20 416279746820840400863050121463510041827203775819115182792250329890910960223503
21 1037626002252173189539808570886066113915482467888282147133456989385234827784057728479218
22 9427500747157721052107195150034457215772083689363324322434190689909192509524449690004893867858922
23 313493287576030808123870493476128915163982940577220272912296213182885715907984070059063716048530564169627652
24 38297259756264465614825343410702871274629052991359873421521019953133706365715408043133829119425017483251763914586166966
25 17247163864937454564230078640726613537513153674039484407939594341896103951543877940431555613497835976440031514068157444658705164163
26 28725357192856374319613306757606254823325915950027917896697366886060046405958129223267005825092135989872639436976830192344782731236334117954044
27 177457672640547999291914207465444893930604925999137117854859109787254736871715893264170773767915501138267140291081565541816318636366669894247730348106367943
28 4077527624885873451108195767773712442964596004482989670313554776441221699909679212352055367064853727411105458345237816326476115558465355528715817954646775942970855682519
29 349365345577015257805510489283550638431760201992935895290480192250096007034014733687992784966823734556569235699301508285983727783629605662065105421445790208962048406175671899383811533
30 111886221002618199352333478654673783408417760401539064843080234029561231874217059088246997051825531049394414030905803976971739969019188639204111997513989844364122052747211254665089655784221197252418
31 134230964911413672605859321112745576488476825373774482073556644206966789142072231207311935132932465071539524183271046852492297090968497684120358582258220422744104482025681204251547315343976849856781366548250843147
32 604522340298251593696430972812977747075384934473458748436188305251145357673540716873549201124091750476390729326055991081609417503584511063268758182478085498794342299066351106889398762626227018515228748580748299987832894695191198
33 10240098339048996852421924561341013766237811209906668747397954880754126144017442965002297308172063770063587912591793354924151795834034337894324960276493572228854973415400073862087952959512283898183660384846857062999509105747825400403846014377096
34 653620958554146421994972462338268259519963586125934798667940418634200976419467454983667893828836877231402864543187651292324866151799346318726382900251132777761880950843637010601868995323300838055028190225014525863319144811739732383245366580309286891579049816191
35 157481508426085597284496685324272593818373704105023634868805625586414208135587553925820407357992671074268658758556277686658926252717711576425584608163975974657501314193148371098367904746062443482712047952981599636527543970241077370993396632200832800310554972468068643628340205089
36 143457827716446913238104163826950085747772290558770257979753965939329177326054664848621036094021517889122680395856149209943622513000684270915600202099445838695045991720912894834062347550564474825883393052374584879160413917141738846265408107794388017593863804284215400800500597578514744758618145137
37 494857873286814962652862881232874050520928484468899344269037887118657331645271597446539800348017812781702856353588395266530176294973317174870807662739565239915159931682704889825856674624133443249831605607829856188402064488803465854646437379077684137790151254660849458579232251829996386209735336744751454660517452715
38 6473407807621334535927991671228477381820067711208510384137488351809725536529173559827507398152399646459070242185731182313768067631298197930990000456471793629558456857956625650207482951220461441937087401448639054977562455463712377604096880057842670328167621227187225169187494630583053295340093266126299794240614057722250209373417898848
39 321575846939891053393327119170353055849816232534309096314195588496702277567794944082335242177390388764417518571977872687772319222414636999641922758952732220175484597121712323454212305716647260891662930142624516852517569631955984281950547846012944161201365808362071047954644106492324428240802115536649718634011558379309359338272610256950338316901516534576
