0 1
1 2
2 6
3 26
4 192
5 3014
6 127757
7 16853750
8 7343780765
9 10733574184956
10 52867617324773592
11 882178116079222400788
12 50227997322550920824045262
13 9837048598740665027344331562224
14 6681839615514161556535851222043192179
15 15867777966020615016665849049841756464001994
16 132740790381260465036424684211161086336385369952553
17 3939166470253284794391201329686210207016734780177365768890
18 417362997497053062455288855478917682261488402531442758706182820492
19 158815405571780623434061509693590325415860388155775158523720912642163044380
20 218210912133017925888004447237030644873113937557904542391822745396660726036807890261
21 1087920745986275856287224095080559562487324625155425872295032387371562386715125674097591011888
22 19769813026189619936289411812272996017395481889255072051671431227849239410541445472919415626102759203911
23 1314846490268269890121237711191942592923565077013187699977089761418031202762116850741072716197764778517428043182416
24 321255414337660639111077083057842639191818107697427293686530618614773625384896344028386609419415220390032586335932957848421778
25 289356806418931798426971199513613039858708060756753789078367079857568236228817772534283117441318359710369333022540818490025759797843658252
26 963858376678123903238220808790844109704402210717148505970344235590526530061651110761139377950420372861933506509255542252145312407591492001668472692630
27 11908951674972040053682244809301939390485744960960656573710271891144744760583206696769448797092853605323613438262399325599585183486515703667740788257707338030072514
28 547275723014063017328386881651152277247198631970248508583026137794875621729294964519652224357306039498272266327825603513313005750753241376663855042255924441284428365662742832884
29 93781974929268203637677353831515188327376367363378767002997210811378207807090287335036589393715950581982327817060832242214730879711526626824229027718567099390266058773135004398250602184224948
30 60068433174632140476569098651402487185886035977191994019050939245212429539980076797772131093743401255286576203844859996662002726706834808443554678721683389764996607920299552666394907869830650761410826246234
31 144129369892545522323937597922028025856950411367078682297137895193926855201482733744371546733447007116172417631885807279498392447247713929262780375912404652893638814736512314603637081253487640897330662159957568130073050514
32 1298201690719604162164287074881156571288005544850737541576111590062728997853742818105402562599611300315494799725677694500435610567803629255351777442745867352349100001776780541603420478359545457022796670361308892397622174162053958145063101
33 43980884770652994517433696220924345458727147591581621254010260472453664896401953934041017127665358791916535444103740761908966328990191550740666310515329165243651456643135833523229356447121148916235349112997467728305391718846898240503572919175699271861072
34 5614561098599767171149084506287956680720209137117124185153983968002110478383841523958104166504264609755194135298899142436263455619493212276111382379346832479284189103591062299841861630830980065024440874798625381400988621394094479848545384066877657043573231286242622170386
35 2705511666808393556555351572748167083901789224434431992622825117549877379605046895815238316288564060940282928940381766836973289825321448211934526772811149318619227331963129744387818025259097908488237454465073572807517478404421524993364475188234193325764637246146291125197464954466607417356
36 4929173381989518086382384628005376443900822740949537066649777074579126604783250911355453166051991869616172306503050039211622491741641635807547621238779518763831243957818377014048672030032179274676484988607767192879837345032469164270616310702665201938747941223653875568170700990451742654408259055393862323704
37 34006373946172042924498542971065379615728105737887987727499631122157186750334305155702800084623331482238771887428759336556842473305396985065175153711845462567789857719586907096678960248128325326566245152507758983807538058897504918109385638238789702277694913118359472192077497116581770643755597039628667137993137802694048207280
38 889698392201547265661122884195847133862452893845050865747334581723082375133285334736578706680018478911659504199821363254622308838858917332448203560411203589935569494467883663020526323338379281272496825393605012450889191490385880006377368965083475061804699641617712294244703794285977975447178693616392325712465201101652045681220778357384276508341
39 88394095611437508451786844252134007239602534814438131414156634900127491213289625487753304897635207702337119864126187703863472014872493578413518692474434686794827362909151580505562788057746289439204416132277677551609354058973446594123466719695683836579905496351796157946482524472412516346640414196000626682839566656066765636151865480207852201694535228806674189387164
40 33394345109279923031862944854708262719720360624198905179406688021924091278353057855623851178761622534752207269851544587780813050087933889442736714129582942858696149768956383271267117859203216215768968788800487838629898297396099238896576894893105627447393882825614178272377602897341605824490181720808812749057658389435267510616409491908500154097745613012396356206707329478712917033109643
41 48032464014942398378035044671616273425406938437336302048617859700853608444651649414346407041729660322736220271201778132995057281285234514106310204355730471022664191224300687017533565542161452558778612404721002208702197278201342242049812500486466145455108995083368176138059066468614797119956589674609739570817711953345746370794929069908813839779432795662916408244708741378232798091378633133613991559339936530
42 263345514316571648413263170078732013929116441030502359259305641470334166008806479691599018716127492517914899273052004246160615141881064989823209587444196602540291695833450279718684133607930539775187940409661670789427196427859973834199282614943713683636135009379523367635805509158503617232709014694656227118420446714952903734113201808549851184053500447095701714621899378291853557614338433510683890314183318386718189264893368514276
43 5509835659105882634970439827280651679198233340200869795052718864490145783484792873989444967820637769071646287307905436097882201168125502571444520329789933144265935961455168888172931225078102566478749700786602745219850007468010648092527819177870672157668800499983697699779091628735132786391011816737977414602296044856663634233564346022255465458541044692569816695976338277023941371398460309451988627752498228694228305067901304792585661943788836705551534
44 440395543105801052281882266105614134900991059336376979996731111396989552994499265511860148206143434144645985916008217580129776209777979688626347318780879115221864230939846627597686167813884862860532686816498333685588761823835247846734684653409881330190512747970894331207901453600499107001186917906974777933278443578528174773861997924071548923324832534159245408420998511060187213540026588784457723945966029414439035376412427775946507098178147136729755128232190623767457135676
45 134613154544579921876503440456288535722313640452240326984917459063165980158014170124238744680882869122930420973016870841372572175439190961253050665983594784076849341514400640999604585366122999466186564455727873037781532234472123827616354461959984475261393458679931451128754463832020230891987592773712896840258200576467325454502233089410410809161277162443884911965066655438969289432055437511337317391053815000679976344245008366865082523273968014902040918974522655112525654428584076857617585891200556
46 157507574499783034801586649926923030734614692453851355934728638694727886690118681675077314534859839682692418517980631023434805454874281456405054524933382644182594337151021705837109500821131036997715647197408894469254791122852796045552316785327255013798263890480882059278614380961462914459577192744287696178512708078016564276758697935863313682843675705279046928896698850761452940806594928518757210416923692215459037463876402507525284302631853617061108030157756212910971830443141940432705013644132482811390106200377520569887
47 706147335305625886382160953644332120650947537514597255207916640140764019857278023863156552579107277873149484847262615448365080572525892830103440999618312429150641127308476136034411565626997557284193813412818742157194062952904695417997263445879174060385232312650087946649557358783704755157830997006190775083237922925824978736490595772048320943287948810058228960910045264729100574818027136811312624078177384618386389675029235877970304601897390600974075821477254262761633062269959721552640798550463631325543775441445491216878038471036962124053039350
48 12141223055598480336767611686442548186796405076183420410208424746711532591042221685027241205974571958756025682930268838531351664620784879119274715013423884224262580683083337474329070143284674668951763193628440940348210369157282123174278740278737117271715416734558590100787853335319879496685714640295568408335112041873230961604964229428304030577054838709802511544545144052403540916967810497661770565028479375392946472099273266070863822621628651275110578413539131387051984428035853740555950884962231971296098652054979685180684152435782444252684041681979105433545391792877736
49 801271797890211239336168368588257384557933968923460783493382613823409561816593211625043319492631555021981136093435450386614132980799079980825024822167513666914914552368184655060139020935343914648075558869510138175138088583162634366470079733744269126598574466924593111586513275536005692748233455115314230310742406009259209726417870108911155471131335512909864630798929669291792953810750122088988228962582587580815315531788173237128297311081741930757911775630997458947703055942958822590572735863290752272072089427700812926209543927880032606687950785277741340919354981800930466819613805804961683661472
