0 1
1 1
2 1
3 1
4 1
5 1
6 1
7 1
8 1
9 2
10 3
11 2
12 1
13 1
14 1
15 1
16 2
17 4
18 6
19 6
20 6
21 4
22 2
23 1
24 1
25 1
26 1
27 2
28 5
29 9
30 15
31 21
32 24
33 24
34 21
35 15
36 9
37 5
38 2
39 1
40 1
41 1
42 1
43 2
44 5
45 10
46 21
47 41
48 65
49 97
50 131
51 148
52 148
53 131
54 97
55 65
56 41
57 21
58 10
59 5
60 2
61 1
62 1
63 1
64 1
65 2
66 5
67 11
68 24
69 56
70 115
71 221
72 402
73 663
74 980
75 1312
76 1557
77 1646
78 1557
79 1312
80 980
81 663
82 402
83 221
84 115
85 56
86 24
87 11
88 5
89 2
90 1
91 1
92 1
93 1
94 2
95 5
96 11
97 25
98 63
99 148
100 345
101 771
102 1637
103 3252
104 5995
105 10120
106 15615
107 21933
108 27987
109 32403
110 34040
111 32403
112 27987
113 21933
114 15615
115 10120
116 5995
117 3252
118 1637
119 771
120 345
121 148
122 63
123 25
124 11
125 5
126 2
127 1
128 1
129 1
130 1
131 2
132 5
133 11
134 26
135 66
136 165
137 428
138 1103
139 2769
140 6759
141 15772
142 34663
143 71318
144 136433
145 241577
146 395166
147 596191
148 828728
149 1061159
150 1251389
151 1358852
152 1358852
153 1251389
154 1061159
155 828728
156 596191
157 395166
158 241577
159 136433
160 71318
161 34663
162 15772
163 6759
164 2769
165 1103
166 428
167 165
168 66
169 26
170 11
171 5
172 2
173 1
174 1
175 1
176 1
177 2
178 5
179 11
180 26
181 67
182 172
183 467
184 1305
185 3664
186 10250
187 28259
188 75415
189 192788
190 467807
191 1069890
192 2295898
193 4609179
194 8640134
195 15108047
196 24630887
197 37433760
198 53037356
199 70065437
200 86318670
201 99187806
202 106321628
203 106321628
204 99187806
205 86318670
206 70065437
207 53037356
208 37433760
209 24630887
210 15108047
211 8640134
212 4609179
213 2295898
214 1069890
215 467807
216 192788
217 75415
218 28259
219 10250
220 3664
221 1305
222 467
223 172
224 67
225 26
226 11
227 5
228 2
229 1
230 1
231 1
232 1
233 2
234 5
235 11
236 26
237 68
238 175
239 485
240 1405
241 4191
242 12763
243 39243
244 119890
245 359307
246 1043774
247 2911086
248 7739601
249 19515361
250 46505609
251 104504341
252 221147351
253 440393606
254 825075506
255 1454265734
256 2411961516
257 3765262970
258 5534255092
259 7661345277
260 9992340187
261 12281841209
262 14229503560
263 15542350436
264 16006173014
265 15542350436
266 14229503560
267 12281841209
268 9992340187
269 7661345277
270 5534255092
271 3765262970
272 2411961516
273 1454265734
274 825075506
275 440393606
276 221147351
277 104504341
278 46505609
279 19515361
280 7739601
281 2911086
282 1043774
283 359307
284 119890
285 39243
286 12763
287 4191
288 1405
289 485
290 175
291 68
292 26
293 11
294 5
295 2
296 1
297 1
298 1
299 1
300 2
301 5
302 11
303 26
304 68
305 176
306 492
307 1446
308 4435
309 14140
310 46415
311 154658
312 517121
313 1711908
314 5546619
315 17422984
316 52664857
317 152339952
318 420048805
319 1101083128
320 2739261020
321 6461056816
322 14441470390
323 30583652956
324 61372294334
325 116724411757
326 210474287115
327 359954668522
328 584089835857
329 899632282299
330 1315729343451
331 1827823498798
332 2412694353115
333 3026821673656
334 3609810088490
335 4093273437761
336 4413678080790
337 4525920859198
338 4413678080790
339 4093273437761
340 3609810088490
341 3026821673656
342 2412694353115
343 1827823498798
344 1315729343451
345 899632282299
346 584089835857
347 359954668522
348 210474287115
349 116724411757
350 61372294334
351 30583652956
352 14441470390
353 6461056816
354 2739261020
355 1101083128
356 420048805
357 152339952
358 52664857
359 17422984
360 5546619
361 1711908
362 517121
363 154658
364 46415
365 14140
366 4435
367 1446
368 492
369 176
370 68
371 26
372 11
373 5
374 2
375 1
376 1
377 1
378 1
379 2
380 5
381 11
382 26
383 68
384 177
385 495
386 1464
387 4541
388 14775
389 50159
390 175652
391 628635
392 2271860
393 8191607
394 29148848
395 101403945
396 342260293
397 1114246152
398 3483731123
399 10428156463
400 29823515196
401 81379048741
402 211701728866
403 524838288774
404 1239859474951
405 2791316427401
406 5990156004406
407 12257461922574
408 23925444193310
409 44564782413424
410 79245514741538
411 134581443007315
412 218370131994476
413 338656477955759
414 502149047941551
415 712113254298926
416 966119418676935
417 1254253893785795
418 1558495757031738
419 1853824841346885
420 2111235531267396
421 2302269388519749
422 2404130854745735
423 2404130854745735
424 2302269388519749
425 2111235531267396
426 1853824841346885
427 1558495757031738
428 1254253893785795
429 966119418676935
430 712113254298926
431 502149047941551
432 338656477955759
433 218370131994476
434 134581443007315
435 79245514741538
436 44564782413424
437 23925444193310
438 12257461922574
439 5990156004406
440 2791316427401
441 1239859474951
442 524838288774
443 211701728866
444 81379048741
445 29823515196
446 10428156463
447 3483731123
448 1114246152
449 342260293
450 101403945
451 29148848
452 8191607
453 2271860
454 628635
455 175652
456 50159
457 14775
458 4541
459 1464
460 495
461 177
462 68
463 26
464 11
465 5
466 2
467 1
468 1
469 1
470 1
471 2
472 5
473 11
474 26
475 68
476 177
477 496
478 1471
479 4583
480 15036
481 51814
482 185987
483 691001
484 2632420
485 10176660
486 39500169
487 152374465
488 578891716
489 2149523582
490 7753406889
491 27040032015
492 90859878747
493 293429720936
494 909199479603
495 2699941862354
496 7678976881470
497 20910536197366
498 54513628209893
499 136070590191317
500 325264684039708
501 744823014518211
502 1634428386201309
503 3438285431507061
504 6936720574597423
505 13426937977152944
506 24944913304587039
507 44497508446112065
508 76242525660396354
509 125521270445592815
510 198626349980261157
511 302194587531738164
512 442167645425634116
513 622367640359865212
514 842878760010352632
515 1098571996084797125
516 1378203771448328912
517 1664504614806849040
518 1935518921253340732
519 2167174862664381524
520 2336721756356087856
521 2426376196165902704
522 2426376196165902704
523 2336721756356087856
524 2167174862664381524
525 1935518921253340732
526 1664504614806849040
527 1378203771448328912
528 1098571996084797125
529 842878760010352632
530 622367640359865212
531 442167645425634116
532 302194587531738164
533 198626349980261157
534 125521270445592815
535 76242525660396354
536 44497508446112065
537 24944913304587039
538 13426937977152944
539 6936720574597423
540 3438285431507061
541 1634428386201309
542 744823014518211
543 325264684039708
544 136070590191317
545 54513628209893
546 20910536197366
547 7678976881470
548 2699941862354
549 909199479603
550 293429720936
551 90859878747
552 27040032015
553 7753406889
554 2149523582
555 578891716
556 152374465
557 39500169
558 10176660
559 2632420
560 691001
561 185987
562 51814
563 15036
564 4583
565 1471
566 496
567 177
568 68
569 26
570 11
571 5
572 2
573 1
574 1
575 1
576 1
577 2
578 5
579 11
580 26
581 68
582 177
583 497
584 1474
585 4601
586 15144
587 52496
588 190443
589 720298
590 2821116
591 11353457
592 46541024
593 192525021
594 796277250
595 3264731685
596 13169762612
597 51944608863
598 199325942738
599 741262597319
600 2663871179403
601 9231717579186
602 30807136431804
603 98902152234053
604 305278273828736
605 905723378795687
606 2582678933141963
607 7078696345634785
608 18651996404491557
609 47260851628555164
610 115191335532066321
611 270167167501687087
612 609958885797372810
613 1326136343400463716
614 2777537605930232398
615 5606321256083832230
616 10909380006413889417
617 20472851567540820478
618 37064510246977549534
619 64755703757207605426
620 109211416604009007814
621 177848696079000172225
622 279730709445943481878
623 425052270572963469105
624 624101038803773627548
625 885660423533434300260
626 1214956017367798514471
627 1611417137591950662088
628 2066686548593529103442
629 2563407506160249980411
630 3075292698315733707376
631 3568803573245228168766
632 4006453983295094401806
633 4351363173523456284236
634 4572323361987395717504
635 4648429222263945620900
636 4572323361987395717504
637 4351363173523456284236
638 4006453983295094401806
639 3568803573245228168766
640 3075292698315733707376
641 2563407506160249980411
642 2066686548593529103442
643 1611417137591950662088
644 1214956017367798514471
645 885660423533434300260
646 624101038803773627548
647 425052270572963469105
648 279730709445943481878
649 177848696079000172225
650 109211416604009007814
651 64755703757207605426
652 37064510246977549534
653 20472851567540820478
654 10909380006413889417
655 5606321256083832230
656 2777537605930232398
657 1326136343400463716
658 609958885797372810
659 270167167501687087
660 115191335532066321
661 47260851628555164
662 18651996404491557
663 7078696345634785
664 2582678933141963
665 905723378795687
666 305278273828736
667 98902152234053
668 30807136431804
669 9231717579186
670 2663871179403
671 741262597319
672 199325942738
673 51944608863
674 13169762612
675 3264731685
676 796277250
677 192525021
678 46541024
679 11353457
680 2821116
681 720298
682 190443
683 52496
684 15144
685 4601
686 1474
687 497
688 177
689 68
690 26
691 11
692 5
693 2
694 1
695 1
696 1
697 1
698 2
699 5
700 11
701 26
702 68
703 177
704 497
705 1475
706 4608
707 15186
708 52763
709 192218
710 732472
711 2905512
712 11932174
713 50411413
714 217511951
715 950868860
716 4177279665
717 18296525771
718 79325102628
719 338296078276
720 1411765943421
721 5741051079728
722 22676300605294
723 86784366393764
724 321234417272839
725 1148593987918546
726 3963769077757287
727 13195353648075411
728 42362864281584321
729 131148370035442310
730 391539812045990580
731 1127433671455288204
732 3131891884686364176
733 8395457287624530088
734 21724015569868084675
735 54280006695385411809
736 131007119329183389752
737 305533163531920156821
738 688784125211424981966
739 1501481098415531841466
740 3166034784548145937607
741 6459711714000551101633
742 12757029589816163785517
743 24392513824970383789517
744 45170996006605836763143
745 81036030181360694500427
746 140872080022355281834324
747 237359406149123114746239
748 387724075281462985272675
749 614140260304462130385026
750 943470250426526060723404
751 1406001649040108855147043
752 2032897246483081019191586
753 2852239339913852728731860
754 3883832284936436998365716
755 5133293720541433657068816
756 6586342935767421267463627
757 8204477211622181835575404
758 9923297786436063850375120
759 11654518975210565207321726
760 13292146986845604951480332
761 14722522059385159911201458
762 15837042684113299970813096
763 16545654197751211495418728
764 16788801124652327714275292
765 16545654197751211495418728
766 15837042684113299970813096
767 14722522059385159911201458
768 13292146986845604951480332
769 11654518975210565207321726
770 9923297786436063850375120
771 8204477211622181835575404
772 6586342935767421267463627
773 5133293720541433657068816
774 3883832284936436998365716
775 2852239339913852728731860
776 2032897246483081019191586
777 1406001649040108855147043
778 943470250426526060723404
779 614140260304462130385026
780 387724075281462985272675
781 237359406149123114746239
782 140872080022355281834324
783 81036030181360694500427
784 45170996006605836763143
785 24392513824970383789517
786 12757029589816163785517
787 6459711714000551101633
788 3166034784548145937607
789 1501481098415531841466
790 688784125211424981966
791 305533163531920156821
792 131007119329183389752
793 54280006695385411809
794 21724015569868084675
795 8395457287624530088
796 3131891884686364176
797 1127433671455288204
798 391539812045990580
799 131148370035442310
800 42362864281584321
801 13195353648075411
802 3963769077757287
803 1148593987918546
804 321234417272839
805 86784366393764
806 22676300605294
807 5741051079728
808 1411765943421
809 338296078276
810 79325102628
811 18296525771
812 4177279665
813 950868860
814 217511951
815 50411413
816 11932174
817 2905512
818 732472
819 192218
820 52763
821 15186
822 4608
823 1475
824 497
825 177
826 68
827 26
828 11
829 5
830 2
831 1
832 1
833 1
834 1
835 2
836 5
837 11
838 26
839 68
840 177
841 497
842 1476
843 4611
844 15204
845 52872
846 192917
847 737248
848 2939612
849 12180208
850 52211412
851 230341716
852 1039651295
853 4769060224
854 22077090175
855 102405806817
856 472752601530
857 2158737372439
858 9698621668842
859 42681362095598
860 183329413930393
861 766437448902278
862 3112054241524242
863 12253485516048893
864 46733208420738751
865 172509020264405007
866 616037183140022935
867 2127620200311537848
868 7106062209729616481
869 22952094444965640286
870 71701132617245623768
871 216681841003250716320
872 633601653376111363593
873 1793194264854895121738
874 4913444067519444552289
875 13038546926417524750191
876 33519474563489245124430
877 83508659556258379930576
878 201684711917001477400777
879 472346283752280675896235
880 1073074898315581198338137
881 2365450398978914127134164
882 5061042496127326338402467
883 10513127007954985722198178
884 21208416546747990371335840
885 41560675683110142094329965
886 79134069680722628926098492
887 146438189381290965621352409
888 263422842996346728019105213
889 460737914605270736299273298
890 783689616782166314197684989
891 1296603199495032978099604792
892 2086994527972548265650969136
893 3268589269065562267316819690
894 4981878354490925239628049799
895 7390672076614010938783954146
896 10673149936708264844860506348
897 15006332197824310343745161459
898 20543803324450138242763315579
899 27387873852940601371250301085
900 35559007110886112805199626998
901 44966939171657511550590827769
902 55389052946332895887847132012
903 66461784979601991336470939473
904 77689820576494693288978745235
905 88475497654186096706783433766
906 98167462291442019288928867353
907 106123809466159103389550537749
908 111781540144818277409192075467
909 114722035311851620271616102401
910 114722035311851620271616102401
911 111781540144818277409192075467
912 106123809466159103389550537749
913 98167462291442019288928867353
914 88475497654186096706783433766
915 77689820576494693288978745235
916 66461784979601991336470939473
917 55389052946332895887847132012
918 44966939171657511550590827769
919 35559007110886112805199626998
920 27387873852940601371250301085
921 20543803324450138242763315579
922 15006332197824310343745161459
923 10673149936708264844860506348
924 7390672076614010938783954146
925 4981878354490925239628049799
926 3268589269065562267316819690
927 2086994527972548265650969136
928 1296603199495032978099604792
929 783689616782166314197684989
930 460737914605270736299273298
931 263422842996346728019105213
932 146438189381290965621352409
933 79134069680722628926098492
934 41560675683110142094329965
935 21208416546747990371335840
936 10513127007954985722198178
937 5061042496127326338402467
938 2365450398978914127134164
939 1073074898315581198338137
940 472346283752280675896235
941 201684711917001477400777
942 83508659556258379930576
943 33519474563489245124430
944 13038546926417524750191
945 4913444067519444552289
946 1793194264854895121738
947 633601653376111363593
948 216681841003250716320
949 71701132617245623768
950 22952094444965640286
951 7106062209729616481
952 2127620200311537848
953 616037183140022935
954 172509020264405007
955 46733208420738751
956 12253485516048893
957 3112054241524242
958 766437448902278
959 183329413930393
960 42681362095598
961 9698621668842
962 2158737372439
963 472752601530
964 102405806817
965 22077090175
966 4769060224
967 1039651295
968 230341716
969 52211412
970 12180208
971 2939612
972 737248
973 192917
974 52872
975 15204
976 4611
977 1476
978 497
979 177
980 68
981 26
982 11
983 5
984 2
985 1
986 1
987 1
988 1
989 2
990 5
991 11
992 26
993 68
994 177
995 497
996 1476
997 4612
998 15211
999 52914
1000 193186
1001 739070
1002 2952621
1003 12277230
1004 52951701
1005 236007973
1006 1082481189
1007 5084972068
1008 24331970791
1009 117896319084
1010 574836382346
1011 2802900901407
1012 13587381716031
1013 65136315811714
1014 307378986624767
1015 1422396924123173
1016 6434443990454985
1017 28384299535766486
1018 121871516176288779
1019 508591905934185456
1020 2060795856692596102
1021 8101950589035559405
1022 30890984828423917804
1023 114194303826467821850
1024 409238375865292947379
1025 1421761732540502478537
1026 4788878152501970667382
1027 15640991174143814527336
1028 49545800497722566943490
1029 152252957750675679985128
1030 454000305409297413197547
1031 1314015943373500027709438
1032 3692549206360129565409882
1033 10077725213858731256200502
1034 26720175183263921205526389
1035 68847147840714659831876009
1036 172436839401764171960600399
1037 419949163501289170048934058
1038 994736460251761788555558479
1039 2292359038525849496334591007
1040 5140855856396964742779928435
1041 11222183205080081482992407136
1042 23851478660162012150740743294
1043 49368738740568265485834941648
1044 99537355872307498721930482690
1045 195529332658568897911416226897
1046 374299938281082421363112925546
1047 698386427965305455980114947498
1048 1270346435797324747886322600917
1049 2253082489576262484435439960061
1050 3897039911421381569102132144925
1051 6574548891673101080933091414825
1052 10820247358969981921327185282867
1053 17374474654495269574147879108586
1054 27223816937833465960035571202406
1055 41629892309698784435788897615237
1056 62134554335087335582167703669499
1057 90527822518392463949854355290293
1058 128765062139851196696033657927393
1059 178823251141563284895179934371964
1060 242493258024617681164010940895603
1061 321115870136071499717138042391822
1062 415282802261235639261761643861537
1063 524537907116158145464307783707480
1064 647125207502523493058427576318421
1065 779835713279698716680238747869145
1066 918001294845197885189859138873766
1067 1055669617382357465559797547490724
1068 1185969986190417044877442256659907
1069 1301649164867362836621192803860664
1070 1395724282295976055589649929411746
1071 1462173507013223970053776598031230
1072 1496570549400731588001561312909041
1073 1496570549400731588001561312909041
1074 1462173507013223970053776598031230
1075 1395724282295976055589649929411746
1076 1301649164867362836621192803860664
1077 1185969986190417044877442256659907
1078 1055669617382357465559797547490724
1079 918001294845197885189859138873766
1080 779835713279698716680238747869145
1081 647125207502523493058427576318421
1082 524537907116158145464307783707480
1083 415282802261235639261761643861537
1084 321115870136071499717138042391822
1085 242493258024617681164010940895603
1086 178823251141563284895179934371964
1087 128765062139851196696033657927393
1088 90527822518392463949854355290293
1089 62134554335087335582167703669499
1090 41629892309698784435788897615237
1091 27223816937833465960035571202406
1092 17374474654495269574147879108586
1093 10820247358969981921327185282867
1094 6574548891673101080933091414825
1095 3897039911421381569102132144925
1096 2253082489576262484435439960061
1097 1270346435797324747886322600917
1098 698386427965305455980114947498
1099 374299938281082421363112925546
1100 195529332658568897911416226897
1101 99537355872307498721930482690
1102 49368738740568265485834941648
1103 23851478660162012150740743294
1104 11222183205080081482992407136
1105 5140855856396964742779928435
1106 2292359038525849496334591007
1107 994736460251761788555558479
1108 419949163501289170048934058
1109 172436839401764171960600399
1110 68847147840714659831876009
1111 26720175183263921205526389
1112 10077725213858731256200502
1113 3692549206360129565409882
1114 1314015943373500027709438
1115 454000305409297413197547
1116 152252957750675679985128
1117 49545800497722566943490
1118 15640991174143814527336
1119 4788878152501970667382
1120 1421761732540502478537
1121 409238375865292947379
1122 114194303826467821850
1123 30890984828423917804
1124 8101950589035559405
1125 2060795856692596102
1126 508591905934185456
1127 121871516176288779
1128 28384299535766486
1129 6434443990454985
1130 1422396924123173
1131 307378986624767
1132 65136315811714
1133 13587381716031
1134 2802900901407
1135 574836382346
1136 117896319084
1137 24331970791
1138 5084972068
1139 1082481189
1140 236007973
1141 52951701
1142 12277230
1143 2952621
1144 739070
1145 193186
1146 52914
1147 15211
1148 4612
1149 1476
1150 497
1151 177
1152 68
1153 26
1154 11
1155 5
1156 2
1157 1
1158 1
1159 1
1160 1
1161 2
1162 5
1163 11
1164 26
1165 68
1166 177
1167 497
1168 1476
1169 4613
1170 15214
1171 52932
1172 193295
1173 739775
1174 2957523
1175 12313532
1176 53233295
1177 238253067
1178 1100528508
1179 5228952960
1180 25458149446
1181 126457607026
1182 637725171148
1183 3247646993067
1184 16608816162638
1185 84832494208413
1186 430526581364619
1187 2160902469408576
1188 10683644653933096
1189 51854408419776340
1190 246397974439037652
1191 1143725640219194349
1192 5177268406684746941
1193 22825160249923253963
1194 97915078551995569728
1195 408428773758312135459
1196 1655841933666140619862
1197 6522866463615285855397
1198 24964141583832860679780
1199 92820048065084683567087
1200 335304026146146733894251
1201 1176956065188569401854488
1202 4014948530991461839161674
1203 13313350898304093580194062
1204 42922326428109646821442157
1205 134578729923182835580508090
1206 410469648911351029701043422
1207 1218188539180318382502654886
1208 3518809554486402044233447239
1209 9895643796695832817729343774
1210 27100537932655870331531675262
1211 72296017219168401455797285420
1212 187918006149936911857548874016
1213 476049830559816053458700185207
1214 1175644485719565074730113228224
1215 2831037851884309641685117782371
1216 6649127287903023949189852672468
1217 15234661187098094601286799103995
1218 34060152531176553913950445739157
1219 74318855836456802609905748098742
1220 158299532418311968516370902531641
1221 329211171072788179949258682542582
1222 668600260186288464009212144372883
1223 1326279182469616198430456349559660
1224 2570134787842950893985173804743380
1225 4866337889005181427015244153413193
1226 9004171434981975401211121146108020
1227 16283472218455797869546911862893324
1228 28785624980450415406038694587270382
1229 49749687784423159929074751904376170
1230 84071519332608767272550363967432227
1231 138933267718521085793804972689629801
1232 224550825387004681203291285844731240
1233 354996166318719276717111225391401065
1234 549009934124800262590343815248902363
1235 830670225167492660567981842457325937
1236 1229733055918774036290506876106116540
1237 1781419579633247911524291860497361186
1238 2525409266380356422402935009296654722
1239 3503822834892559877119590456112749435
1240 4758057228506358413928112377215736112
1241 6324473805253193042084025583799039111
1242 8229134779052807701494491293649977257
1243 10482011212903641533190193575644245804
1244 13071312331019245331064581914668122627
1245 15958762603040597450525376654334169764
1246 19076728529918645941374600173527103594
1247 22328028288208203273246987139686742622
1248 25589022618970146795898178501581553839
1249 28716194642613708330780018559889162231
1250 31555926075740104909436561847256021635
1251 33956646437583140125434827675383497842
1252 35782068389765376396435947374383449152
1253 36923923703207784987132507093790332407
1254 37312554419836846950126367899458469004
1255 36923923703207784987132507093790332407
1256 35782068389765376396435947374383449152
1257 33956646437583140125434827675383497842
1258 31555926075740104909436561847256021635
1259 28716194642613708330780018559889162231
1260 25589022618970146795898178501581553839
1261 22328028288208203273246987139686742622
1262 19076728529918645941374600173527103594
1263 15958762603040597450525376654334169764
1264 13071312331019245331064581914668122627
1265 10482011212903641533190193575644245804
1266 8229134779052807701494491293649977257
1267 6324473805253193042084025583799039111
1268 4758057228506358413928112377215736112
1269 3503822834892559877119590456112749435
1270 2525409266380356422402935009296654722
1271 1781419579633247911524291860497361186
1272 1229733055918774036290506876106116540
1273 830670225167492660567981842457325937
1274 549009934124800262590343815248902363
1275 354996166318719276717111225391401065
1276 224550825387004681203291285844731240
1277 138933267718521085793804972689629801
1278 84071519332608767272550363967432227
1279 49749687784423159929074751904376170
1280 28785624980450415406038694587270382
1281 16283472218455797869546911862893324
1282 9004171434981975401211121146108020
1283 4866337889005181427015244153413193
1284 2570134787842950893985173804743380
1285 1326279182469616198430456349559660
1286 668600260186288464009212144372883
1287 329211171072788179949258682542582
1288 158299532418311968516370902531641
1289 74318855836456802609905748098742
1290 34060152531176553913950445739157
1291 15234661187098094601286799103995
1292 6649127287903023949189852672468
1293 2831037851884309641685117782371
1294 1175644485719565074730113228224
1295 476049830559816053458700185207
1296 187918006149936911857548874016
1297 72296017219168401455797285420
1298 27100537932655870331531675262
1299 9895643796695832817729343774
1300 3518809554486402044233447239
1301 1218188539180318382502654886
1302 410469648911351029701043422
1303 134578729923182835580508090
1304 42922326428109646821442157
1305 13313350898304093580194062
1306 4014948530991461839161674
1307 1176956065188569401854488
1308 335304026146146733894251
1309 92820048065084683567087
1310 24964141583832860679780
1311 6522866463615285855397
1312 1655841933666140619862
1313 408428773758312135459
1314 97915078551995569728
1315 22825160249923253963
1316 5177268406684746941
1317 1143725640219194349
1318 246397974439037652
1319 51854408419776340
1320 10683644653933096
1321 2160902469408576
1322 430526581364619
1323 84832494208413
1324 16608816162638
1325 3247646993067
1326 637725171148
1327 126457607026
1328 25458149446
1329 5228952960
1330 1100528508
1331 238253067
1332 53233295
1333 12313532
1334 2957523
1335 739775
1336 193295
1337 52932
1338 15214
1339 4613
1340 1476
1341 497
1342 177
1343 68
1344 26
1345 11
1346 5
1347 2
1348 1
1349 1
1350 1
1351 1
1352 2
1353 5
1354 11
1355 26
1356 68
1357 177
1358 497
1359 1476
1360 4613
1361 15215
1362 52939
1363 193337
1364 740045
1365 2959362
1366 12326876
1367 53336122
1368 239083372
1369 1107432714
1370 5287050500
1371 25945377057
1372 130480742790
1373 670143402073
1374 3501007984025
1375 18521618447316
1376 98748032376131
1377 527939073748744
1378 2816622710960703
1379 14927233150824178
1380 78261845573965169
1381 404472802863533348
1382 2054418717823509788
1383 10229983214747635175
1384 49840893371632062768
1385 237217205839413940594
1386 1101636978533598289990
1387 4987428524272420579628
1388 21997955027664495842546
1389 94485278161299494506695
1390 395094405692762927913813
1391 1608151031123978816776097
1392 6371185700600338212147025
1393 24569361401927294475451226
1394 92233165560836994676283645
1395 337101016242312676858735083
1396 1199743516734872323510798170
1397 4158718637871203698209733148
1398 14043304716269656847167651290
1399 46208258670473130717898115530
1400 148189077984605278048110716984
1401 463305296862121318910578057354
1402 1412479232359469807470677372782
1403 4200199984593161559245274781660
1404 12185395497093128401629824850734
1405 34498358361261614795096065355540
1406 95334914687436334033001139931788
1407 257219436972229128081581510606570
1408 677727238321763639406542044561729
1409 1744230921425242848016367028607183
1410 4385778699643123585596204075059277
1411 10776460392621928029093720988375889
1412 25881079330880176136765033745743561
1413 60764887313320625437355326950375319
1414 139499105593897177118731665586118378
1415 313198756702368521986158122652149229
1416 687823689180602339988061000565007466
1417 1477809727452336660506513204912602079
1418 3106828163808702784684872963202186461
1419 6392100246238676094506635446750706677
1420 12872568153081469265771455372978467605
1421 25377401018369804681347852726301686598
1422 48983735354264896877783542811605522605
1423 92584754587126221775612090284689732342
1424 171382889516043148761855571511747625095
1425 310735629364684367900310375600976871736
1426 551903507202377986537357873946622715148
1427 960360757806921486278284405455943198064
1428 1637394202976863283927636005232050858720
1429 2735684273900087792498443232966800042314
1430 4479368328560710938789121873603741243173
1431 7188657545484723420810186497422556223191
1432 11308348242818071455013595085701427370257
1433 17438498693655246580032002354055093684165
1434 26364152543300258825889014140013563732138
1435 39079385769403355969102892793733275321864
1436 56799351947891535402439396951263195327615
1437 80952732914208495682871895230933565758773
1438 113146495273317419132235920406980098377442
1439 155095569208643273735331118261456274019397
1440 208512404860084432311772487806072711350464
1441 274955538232949793644703715299401720164551
1442 355642215175719733474773597052869060295879
1443 451237269405855619829201620317714623586074
1444 561637879276809355426993275814807475577384
1445 685780219295182180435499890056679785719620
1446 821497875415565114614980663225453544435248
1447 965461812532698848697293773296233365164081
1448 1113226719833152354695454340580189312546234
1449 1259398532138214126873564869152546420058100
1450 1397923625015754731435579453709388541720881
1451 1522483395269500662454651896201292875139683
1452 1626961238671391818151227994397134261759801
1453 1705935253543818409882653356665815331433663
1454 1755142048260037519111972866834575927192038
1455 1771856721790425759554265832614437952858250
1456 1755142048260037519111972866834575927192038
1457 1705935253543818409882653356665815331433663
1458 1626961238671391818151227994397134261759801
1459 1522483395269500662454651896201292875139683
1460 1397923625015754731435579453709388541720881
1461 1259398532138214126873564869152546420058100
1462 1113226719833152354695454340580189312546234
1463 965461812532698848697293773296233365164081
1464 821497875415565114614980663225453544435248
1465 685780219295182180435499890056679785719620
1466 561637879276809355426993275814807475577384
1467 451237269405855619829201620317714623586074
1468 355642215175719733474773597052869060295879
1469 274955538232949793644703715299401720164551
1470 208512404860084432311772487806072711350464
1471 155095569208643273735331118261456274019397
1472 113146495273317419132235920406980098377442
1473 80952732914208495682871895230933565758773
1474 56799351947891535402439396951263195327615
1475 39079385769403355969102892793733275321864
1476 26364152543300258825889014140013563732138
1477 17438498693655246580032002354055093684165
1478 11308348242818071455013595085701427370257
1479 7188657545484723420810186497422556223191
1480 4479368328560710938789121873603741243173
1481 2735684273900087792498443232966800042314
1482 1637394202976863283927636005232050858720
1483 960360757806921486278284405455943198064
1484 551903507202377986537357873946622715148
1485 310735629364684367900310375600976871736
1486 171382889516043148761855571511747625095
1487 92584754587126221775612090284689732342
1488 48983735354264896877783542811605522605
1489 25377401018369804681347852726301686598
1490 12872568153081469265771455372978467605
1491 6392100246238676094506635446750706677
1492 3106828163808702784684872963202186461
1493 1477809727452336660506513204912602079
1494 687823689180602339988061000565007466
1495 313198756702368521986158122652149229
1496 139499105593897177118731665586118378
1497 60764887313320625437355326950375319
1498 25881079330880176136765033745743561
1499 10776460392621928029093720988375889
1500 4385778699643123585596204075059277
1501 1744230921425242848016367028607183
1502 677727238321763639406542044561729
1503 257219436972229128081581510606570
1504 95334914687436334033001139931788
1505 34498358361261614795096065355540
1506 12185395497093128401629824850734
1507 4200199984593161559245274781660
1508 1412479232359469807470677372782
1509 463305296862121318910578057354
1510 148189077984605278048110716984
1511 46208258670473130717898115530
1512 14043304716269656847167651290
1513 4158718637871203698209733148
1514 1199743516734872323510798170
1515 337101016242312676858735083
1516 92233165560836994676283645
1517 24569361401927294475451226
1518 6371185700600338212147025
1519 1608151031123978816776097
1520 395094405692762927913813
1521 94485278161299494506695
1522 21997955027664495842546
1523 4987428524272420579628
1524 1101636978533598289990
1525 237217205839413940594
1526 49840893371632062768
1527 10229983214747635175
1528 2054418717823509788
1529 404472802863533348
1530 78261845573965169
1531 14927233150824178
1532 2816622710960703
1533 527939073748744
1534 98748032376131
1535 18521618447316
1536 3501007984025
1537 670143402073
1538 130480742790
1539 25945377057
1540 5287050500
1541 1107432714
1542 239083372
1543 53336122
1544 12326876
1545 2959362
1546 740045
1547 193337
1548 52939
1549 15215
1550 4613
1551 1476
1552 497
1553 177
1554 68
1555 26
1556 11
1557 5
1558 2
1559 1
1560 1
1561 1
1562 1
1563 2
1564 5
1565 11
1566 26
1567 68
1568 177
1569 497
1570 1476
1571 4613
1572 15216
1573 52942
1574 193355
1575 740154
1576 2960069
1577 12331825
1578 53373313
1579 239380403
1580 1109921554
1581 5308573473
1582 26134330813
1583 132140242356
1584 684550272269
1585 3623530476832
1586 19535841033514
1587 106884565970826
1588 591023331913878
1589 3288516318383345
1590 18329830635257659
1591 101902233467195227
1592 562732256995411783
1593 3075494059151438107
1594 16581744039092009728
1595 87956458643732132427
1596 457985830797484068992
1597 2336654242935426148872
1598 11664618715804069239925
1599 56911033511096622539766
1600 271147936955982331379907
1601 1260757529651698538672988
1602 5718517006734538057975234
1603 25295161355509809235432485
1604 109099081767975014632556182
1605 458778548436417866064002231
1606 1880983662873585757829610536
1607 7519590876165523760387982176
1608 29314208462329734796232923446
1609 111455106626779984738587527838
1610 413365804427694725372052252776
1611 1495773089262060833300183931801
1612 5281822178848770287817552123788
1613 18204702080289751125740005096736
1614 61258021334721189432039530896548
1615 201289699482882903851136114933337
1616 646040460349025700266637019460694
1617 2025712612433201807275138638313258
1618 6206912559539240990076508556951779
1619 18588815396076792084886035253019979
1620 54425597230813264415499803879274559
1621 155820793120002066812663994644847862
1622 436326548792456893173929560437429012
1623 1195234209254546282287147291505692026
1624 3203600631283099196829326575324175549
1625 8403383153734033144454560886960568105
1626 21576670860698400694046957073985917897
1627 54238887292178258577294804873900879380
1628 133509540876205480990724018161189389553
1629 321859042700768822549371576642315175694
1630 760055434108700545215229490122849195583
1631 1758420841471662984501844289033518954686
1632 3986280694906088147613795030623320827611
1633 8856203922492849370709225605228557915946
1634 19285323118498776070543374999578750718457
1635 41168826269762427666685421602750878987924
1636 86165378424828295803198856037852331800016
1637 176839072407718220459466612157268916754483
1638 355927100973125396313913090333232624968274
1639 702644327470643177944405355067020546752528
1640 1360673629158692658692297153804738104767451
1641 2585036471386090878557924226730876418406756
1642 4818613898667948571802498010380603655256778
1643 8813876425925671735043119734157522482597953
1644 15821439473006707993310002236203141833297666
1645 27874194441745796154889378631741938704645122
1646 48203361919835024755039341305041243860494030
1647 81829654364750753046250640014118218998222424
1648 136376823878357051669063403502335710083067034
1649 223153337010567133054344508462271394897793693
1650 358537093625402540492356295735806501309733913
1651 565673858364895716514982643935885760561172167
1652 876458494341995618167388077985737924329752970
1653 1333706576968447195025741264495546683130862433
1654 1993342638332319954545785119142533514627214441
1655 2926334549576639941446672142478573914869429643
1656 4220001444417528952299345877139817948007566830
1657 5978231528788394855439594518751240831274986726
1658 8320088358724034551353426144241735331058689088
1659 11376285598710759725853716338165093364170314505
1660 15283096345635082145538658462854304807993307891
1661 20173453029637107093369520746874773840758111554
1662 26165293936584673378140066633827480830530067996
1663 33347609532186578849685877308204291849527639568
1664 41765099599720355529839527385179145540194984266
1665 51402810752862858057490183943484488391195313428
1666 62172504757146706857724327965589278657223377457
1667 73902725361771980711084258558573628854153127821
1668 86334507175833147058422133903700425594680256734
1669 99124352659727802265020122443044970261582392658
1670 111855483080027355050153325929300415703118559706
1671 124057489984345321711585123815574963682370443273
1672 135233473632090653642416244639398569335202233954
1673 144892696615362313380290184109953738302891925734
1674 152585870781707736088126381678282413439977072843
1675 157939594114296203969265521188905968099646186308
1676 160686285099122208814932825419512187546844749958
1677 160686285099122208814932825419512187546844749958
1678 157939594114296203969265521188905968099646186308
1679 152585870781707736088126381678282413439977072843
1680 144892696615362313380290184109953738302891925734
1681 135233473632090653642416244639398569335202233954
1682 124057489984345321711585123815574963682370443273
1683 111855483080027355050153325929300415703118559706
1684 99124352659727802265020122443044970261582392658
1685 86334507175833147058422133903700425594680256734
1686 73902725361771980711084258558573628854153127821
1687 62172504757146706857724327965589278657223377457
1688 51402810752862858057490183943484488391195313428
1689 41765099599720355529839527385179145540194984266
1690 33347609532186578849685877308204291849527639568
1691 26165293936584673378140066633827480830530067996
1692 20173453029637107093369520746874773840758111554
1693 15283096345635082145538658462854304807993307891
1694 11376285598710759725853716338165093364170314505
1695 8320088358724034551353426144241735331058689088
1696 5978231528788394855439594518751240831274986726
1697 4220001444417528952299345877139817948007566830
1698 2926334549576639941446672142478573914869429643
1699 1993342638332319954545785119142533514627214441
1700 1333706576968447195025741264495546683130862433
1701 876458494341995618167388077985737924329752970
1702 565673858364895716514982643935885760561172167
1703 358537093625402540492356295735806501309733913
1704 223153337010567133054344508462271394897793693
1705 136376823878357051669063403502335710083067034
1706 81829654364750753046250640014118218998222424
1707 48203361919835024755039341305041243860494030
1708 27874194441745796154889378631741938704645122
1709 15821439473006707993310002236203141833297666
1710 8813876425925671735043119734157522482597953
1711 4818613898667948571802498010380603655256778
1712 2585036471386090878557924226730876418406756
1713 1360673629158692658692297153804738104767451
1714 702644327470643177944405355067020546752528
1715 355927100973125396313913090333232624968274
1716 176839072407718220459466612157268916754483
1717 86165378424828295803198856037852331800016
1718 41168826269762427666685421602750878987924
1719 19285323118498776070543374999578750718457
1720 8856203922492849370709225605228557915946
1721 3986280694906088147613795030623320827611
1722 1758420841471662984501844289033518954686
1723 760055434108700545215229490122849195583
1724 321859042700768822549371576642315175694
1725 133509540876205480990724018161189389553
1726 54238887292178258577294804873900879380
1727 21576670860698400694046957073985917897
1728 8403383153734033144454560886960568105
1729 3203600631283099196829326575324175549
1730 1195234209254546282287147291505692026
1731 436326548792456893173929560437429012
1732 155820793120002066812663994644847862
1733 54425597230813264415499803879274559
1734 18588815396076792084886035253019979
1735 6206912559539240990076508556951779
1736 2025712612433201807275138638313258
1737 646040460349025700266637019460694
1738 201289699482882903851136114933337
1739 61258021334721189432039530896548
1740 18204702080289751125740005096736
1741 5281822178848770287817552123788
1742 1495773089262060833300183931801
1743 413365804427694725372052252776
1744 111455106626779984738587527838
1745 29314208462329734796232923446
1746 7519590876165523760387982176
1747 1880983662873585757829610536
1748 458778548436417866064002231
1749 109099081767975014632556182
1750 25295161355509809235432485
1751 5718517006734538057975234
1752 1260757529651698538672988
1753 271147936955982331379907
1754 56911033511096622539766
1755 11664618715804069239925
1756 2336654242935426148872
1757 457985830797484068992
1758 87956458643732132427
1759 16581744039092009728
1760 3075494059151438107
1761 562732256995411783
1762 101902233467195227
1763 18329830635257659
1764 3288516318383345
1765 591023331913878
1766 106884565970826
1767 19535841033514
1768 3623530476832
1769 684550272269
1770 132140242356
1771 26134330813
1772 5308573473
1773 1109921554
1774 239380403
1775 53373313
1776 12331825
1777 2960069
1778 740154
1779 193355
1780 52942
1781 15216
1782 4613
1783 1476
1784 497
1785 177
1786 68
1787 26
1788 11
1789 5
