0 0 1
0 1 1
0 2 1
0 3 1
0 4 1
0 5 1
0 6 1
0 7 1
0 8 1
0 9 1
0 10 1
0 11 1
0 12 1
0 13 1
0 14 1
0 15 1
0 16 1
0 17 1
0 18 1
0 19 1
0 20 1
0 21 1
0 22 1
0 23 1
0 24 1
0 25 1
0 26 1
0 27 1
0 28 1
0 29 1
0 30 1
0 31 1
0 32 1
0 33 1
0 34 1
0 35 1
0 36 1
0 37 1
0 38 1
0 39 1
0 40 1
0 41 1
0 42 1
0 43 1
0 44 1
0 45 1
0 46 1
0 47 1
0 48 1
0 49 1
0 50 1
0 51 1
0 52 1
0 53 1
0 54 1
0 55 1
0 56 1
0 57 1
0 58 1
0 59 1
0 60 1
0 61 1
0 62 1
0 63 1
0 64 1
0 65 1
0 66 1
0 67 1
0 68 1
0 69 1
0 70 1
0 71 1
0 72 1
0 73 1
0 74 1
0 75 1
0 76 1
0 77 1
0 78 1
0 79 1
0 80 1
1 0 1
1 1 2
1 2 3
1 3 4
1 4 5
1 5 6
1 6 7
1 7 8
1 8 9
1 9 10
1 10 11
1 11 12
1 12 13
1 13 14
1 14 15
1 15 16
1 16 17
1 17 18
1 18 19
1 19 20
1 20 21
1 21 22
1 22 23
1 23 24
1 24 25
1 25 26
1 26 27
1 27 28
1 28 29
1 29 30
1 30 31
1 31 32
1 32 33
1 33 34
1 34 35
1 35 36
1 36 37
1 37 38
1 38 39
1 39 40
1 40 41
1 41 42
1 42 43
1 43 44
1 44 45
1 45 46
