1 1
2 1
3 5
4 34
5 535
6 20848
7 2120098
8 572849763
9 415361983540
10 815590925440865
11 4373589784210012634
12 64535461714821630421106
13 2637732191356603658136444467
14 300363258297687600380548275359231
15 95772385980446940947269649575500465623
16 85888322476174440030914623040323407519210604
17 217482004567207765326236114591193927031840991279714
18 1560311846533331658451251180674593537124226215063825663560
19 31815599148167188438072438045400659708825334323169554748564937803
20 1848901792007555622736038700544183925356053914951545779132658697066858010
21 306986730183567930551937727300602947652492326077529279806334497165427339109637726
22 145963159838768126518037288775287163974591254292722461588166141584897586070430701612263366
23 199151241811782456444787675862843114660200698147081768898938136901320362331533832064321569968719360
24 781197120178229492249520611330654967444910518383816513900591151072212317038287645304312682860665019705277746
25 8825325607058943489840294654718110764450975976382044354488733210575674047523401956066400031149666711497332422159619226
26 287599917570944260011093370387116641425185580181635007885813495189100725604207616726822513149079154256507104438634003091367335511
27 27075570464408355555898559847876994748575465946759748446901076150857555439330680094417781920166934771887908416484696616247321603268984974138
28 7373835786469273245837021815559549593427758520602129335661893353069610076200287863571462561287227919247547617230802276089782640082561488406139472921139
29 5816886582036520351672180546056182689185544682167011328232698286294452594069140451132737635011241681843850586978331848003667808497457100476076615769509143089198181
30 13307170706988926218591008568271725750581942597522997682630278661968860070393174150335159484993000882414933370106391046215091468913651350490750873339798690739782661269812845126
31 88381562639622833243015717746707827967882316197195541835376569375420327465458472468651699588978487468454046439328226193613204468464843765587268682223519350063862794636901103287213423508758
32 1705966873888255480802979712909621153990107043516508019402190152197118827857899193574932274677614776811344538756457178300268623105356453207933293473911715149663292530784551946389325410027679822002235222
33 95793668449268779926167556041800548828353601642768902906721262497745981939579080001068004975273400978059378073431934140703052168898513651413889775631740199579377554399946906274062753588161844211060661627957743937526
34 15662435435350948875472325345022035711853248108687783265283549477524235433131178216519541862793452499767205041558614050695821288062409982942714769794713172802751039995214621200771066925803408004982884666686161874097429409882368846
35 7463008046132229851641103983782021768271987825430086353888265593461287680613342451456542000069127313281017464893441954729978111436572705345837215938334113544499458516148384551853341719085669025164822480291356052208105394820680556940820851362740
36 10371828434284839968103343203555169902551068714764327608837378751377786530044695538397989546835274548871733393574885468021115280124651138619759909668879301861636831199779917727127157959982462267950532341586690017732426343091441375564137984959263307029242497402
37 42074481248838284066840593064655372114310022187440426084367287710612484525583403610738816315179202521116614852839482596257077948092225529185188884863440303231459781752145300479449993357388948900741759154609640642928698842099677098099731657399611678944385307172257847776032561
38 498564783028009991852843028766816448769421299217659544019318322243187274433571199705723381371852800138951537953814327016535163094603433469418081191992424896725981077702884495231493565057489106985961332551764802621264595255984794192225117249381116874143707272321365866033080150526966747809650
39 17268899833965365814747609011514739426217415805581828600604051080626936244666991785638271806788519876805871494270321133400403989425789553665284008355079003445650631313054898317481052542115143020174676942663503901276757785637583446547472952227214024998324685702169897469345999937141462426630380816096022396201
40 1749579225227621583020346888693547324835161749067938398358763230374403810134111914580871712646997115893872512138620101568302121812451656503719694312988610495540075200398644144115358220577904105686202957252030489315997590546192719316304982512226365750263402274884933791965391528616845335998913358219920455247766561896802283728
41 518799973522766713634449418504038758505104320048146873058613166240547556930589460853600297336265364022696459553482078258118400689191692608521512428943780980476828829333474411262726761317967685733526438973122856200679844857322357089573897169205499122144634696048002933931963576802250721903418201907309356735421122548456955251708265933032738626
42 450528322732670701600513307179932926880436790839334053225676397926000577003020655605856231271704017823028053566794485287993121018233904289224691936637117541994740389682844993611970082840954408513161158585571702886652581804785193765506877055912275948034034483597638899089652002397608293466021128054169908854485714739124205454719391859708075537340687675390468166
43 1146426829035455519362846193892936359221070187199082020370656622771554792200503300030637276970031196754133637742075501282825681630977422522108240467659118166227385387023657518014352651042343652469615523028519289807866270859622053711028615363748642753036106888560836635645148328700275982503042098594010157925399116854266397991188748872098581271417167496956275743933340536047559504
44 8552786232702592117422509471624082298921982060608672599869086522011962211752966230987595859705835663539989829858770709872120939591482311531566558197303873489634187443194357675895826880288081839734560415203717713756917185297076525747254425593168755063739748610303603374954545480071032869689794262562508857075111823560198282563103642145492660036756322693952742348439149213456062454718867639213390425
45 187167444768046692153443651354887672838398144987176567516024298613512727960859522051396837384304483311332373172993972470780067323981958048124742752820953338994610853281428991540623375234289882396837044195439074939532277149635936003225075583633526322118551081388406521059875523321271890187476386490395512860715620203743668675356019420316250146756808129968323839905374018805873269972238919709522928566662616422243934137
46 12020677398497645672865664271138424882061701624985617323763449273874336184201287076616959942668240613236434907783081854264536374910781775405598955766005064097571290972604007659498907037367201643414878339671094541044733182232479636777627640767758172177776388920368345654126013538791578722507526955004047806357808330979833001640114059728540057582912671470546345498415075626624127906011781219353202229764848162370152700377586268407680329584
47 2266777019982766857848706486878815294494281796176955765321224210225808650752924518839557423992971870642410398730315295456858279078843941934058488340030705597478083786498378961022170015637089879503205438821568432989281694391900104460659373709737756149918266032363424707316355533757764717869991248407737370880135316542488473810123121702601840306579746145422975792889996677406986799284205621244616795637389258285799609074277409697824008339306468040560238848319
48 1255644028697347724734673465835776330123214866356189075270132721093215110699997755549254881426733063279172141121245747625783710189859157021487286428410247313528100260154447410271383629877071991160513318733989857822218123115400050311810503194301886039107072458401003300083945636023060588387146948165510683286537856790975622192671439602752994108980064310535241908037589484415480596171052960978131304212993383569815491948469982620483302428854983523204233296747084456178638682509211
49 2044046080406160398254735730806753915178928221790012413746025235818573867260758429972814956146584042511061965097881369947977797502164788246403049238036271478584488712163061956807174720494516883754143796870723666667616998147682945795543807087231186671444305603989275396743932693041684290765375230322418040593564653897970724408732127506245390624191784079264879833421725048427575704619957881395633741149229038088676381347828441165984761679008436977069372000199659993275718433000230617307649641021887821
50 9782777119153341763915654729769525276031375200305283479866009669766091844852517412605406530446426383205994374757356037995496960282790748935045294995872125814076204226634058023799433313007545645439535923686665019281633867434037430540939599381932696339244394082044940255088304586876465797352262282013578512640194990140729285011107552406350632125584844715510565941219198216434006381258871894777677792714098996447313003770788921365989486544233349148666364986461691926744894318965564594605086619117420276388728221270420519660
51 137706588389766330820865995286307302137822570889648050208418892758427322422822738355935980896812215614113416433673873745705975751904772868067376026638427814344823667577002968723595585281614818471855383766959612571133463416976801130347450872655510022167226408870272905211046690255636925415111881412182060360010976949521320883296945529321304112177490472451955139499392180082981421435090594872996263970901554808573290285112040122413275284580187849887061881130993889864324255224436191170233344831720176822575822950486325851908178436290330410354774
52 5703420155591739228735267279275848698240877695617266529918262634892113660928742302863568984083788527183875403561659608154555170194556839426439017189645266118432689459042005614259714444998147873547781562003841096586362964989137609809999222259100992596258562636404201430773239982068795032722875229718181173450401887392767121608265986746604958125331212712707801482087382449206080045252738246696895541750435053868730486229429925754656493813558983153287618905736348544987400658429212420151507693334201742189722403723334176734786629994920450778168352737634605936809369861
53 695288012715927574917785606327875027545179302825574741619829436038498873492550666454294813038111552274684089537321394719553767947139800622427432186645901156220719625478319220048962977799487927363545225209702891433560693571766750668041329666849683814925614966794299840101672730346598676583423947962404529261211837325297949642438829283094117784545562746014161166134208047624950112845893823636489012539784737539170879988423355161778945547590599853196350035636621660713316598290761262790083182966957154263542566264668930524873119123109620168296278490723646553551631234678622975067437514247971
54 249572932597515810204819686578276151314436397177746379344681873186666064086353464983571104831058544456589057150468057695691961015869446364131568796170784966937166623757810741377485419798120908755397509667173731379518718654898872529212751071892428916616359944419019216944101031264640479146615674909439857073388134364498644274553715207603983307165819493265964585609494329394261582593285574172755013161415797518149465813268231048056653290164361477182762688678061284472471420583089932701198716241559890184685040137699694757949077428239410052146382951345353147569771297730523093702902279775755107951505466434369009301
55 263865461702236142344612313467968097111639508745413102294587264768783606033914595541829997997156478817144336643031865305877759942159173987688366473528155687399928991938401499063509226420848320621336197891602792857224940960379727294156726896524929837066813503365684501089938260490110059995555733021338244959236723353974231955383671017675384754910401773643648464333885468260266212732445752529385471718658574987024984985506805728501052808574679191866785118449974950303845182306448675502375050589454513848283241331704298204913323348836375603736931584378335695615141912013973116813564799019417202327555150277591325727266894009046388674943476
56 821984314402005575520036514044209734080422839641811275430210439322998835425270715329455245565522220525640163518108787417310676183305317797378815574961905189704481228758453492765322602187430862165346359528988215855337880596224438180513848883596431677646762038526152307786475543300403757732883791129107382598989611796682596582431521098773342477341793815907300891542398894890533120217307805354611855443021290616941991547420058190827549948979769269192787709262755427560053427836792752283424034125625503517603622613768774806511932106716100533748090909756060367404533553121009838992233484035553564096993228483716314897307343525452108827751590873044064868389624937049
57 7547079742594865979374215559432232242244354683288450105539315434198589849649187561973108498024839504795639716793358424856207361752309617539399618005339518483920391859115604231696193410270668047101972052267585059958914889287067270696986305026467327732639091963189288081573689463623790795368647419227924318819005801074420969396684833830722812774769410423423390856313078321030950088990543633967800849847173317903172579379063901393519457291440507027674644862029940416386032655651305855644578043491451844117127608498473191403341647393617521445717882053321591015056972794334727632509473775773042545366736339117873646095876350686347307628920081495184765682718117350557247170970599581232702020
58 204297223425298166090085554142623964363639677046626324401262163620150013255107122295912068302242537741641403476880619309911924306736045195915904368885485573274335042945231382468747447865449556927033913723214600215216454814345916747699327088375965282870992293299063894024796384207340482380563727990166839644630649173334625330896045421414723467752415549587743623419448752401115259448536930091887338616837322090288901175119857341680450029618860315513907175907565484779224834108147802751482021642306064048877859873684007992887133947237660071544074816022207534045182334758495896995781360584717873487744719927009259535444253899477987586359943737296564533777459735774315647626833727599849712986837163307201901905446822
59 16309596861410587524401494046774388577781969990445809523422014542388299823831507164936782842923420288959479723177485654346611053053561085085288604641091731977353327311908368755940815814039310596374156900557318985187122627251915511890865380967514727357461195310820257313961250202295826570089447398465646219233121853728979015093903789617745174576147893689818813396273439986652709502562686214974584323812979850369201606682955388486948341470580740592390843509539646995192446305626534210326239058014153070882267213881660813815748865447999726645411075237893788795842191818199586784972129277355625524151916462450620929675646388703931490076175725498912237653611984329591427411973356475920261508078294025469522823725000522591689567185359534978244
60 3841015010872364709254480148838521996781495702007456908386864853780758864803532026901017694789102385657481419077763552577767374159659953586846745071871547531657788836338110494386209149116132696477393908108308728095102554059382769590846059309842956058973011953847359168541336657252012672650579563538678557183980774100431483793185256816151401410015481871949828297687436324616122916597779071539212589840674275702026351030951083610105820345307550893619449603473053413370821973676027006494740714550373473718377781922898840056348743548002931902629363218556985540121828324150949693448379994735973010085096089256967806254579655285064899118531898193007083311054089246263507412494704412728895368894186063874945701056208739825310086060525379056502220631913779489988714917641
61 2669263528907732773071135871032434408406934417685219465701271614689138181293229116150215214209127234283384301152392483991704109164415642027328390224407572507499200246417192600054144745922530282443135967232879893087362374306540998476588529496548769325408637602666251203932142205676501448988797410252535082532398463635055855192791172072096798157974207777638259197554554805886402863519512705803963344964908611015672977561744627636314871683482261596824541155543250972252650931175685133694695178980265132843898202938035419193787949918587053295882821670386472941094763821271447522617053324799493770777339857938466031330586665103450320006186954163353060146676568803710653244064840941923420218366913558391939264989561101659794069587823002762070822217547289119041209367745443264879398079579484120135
62 5475153519299508484364080048105138746433197912392951650596774249358429404894444531910264515189529691511549951360877900244650546851244325039052669469511420758975230373451307818267703273174416561568230685424138227501952108443540828870458977263271832642528234677439082240627315831901111650204170060190138824016339258342099976427588460854554576880094086045790831820509688747552846967150110850316869948306274002941638770703227867751440913870643398805827321234851249588124654823349911324407276151157861306293273368881735630311405421049756237997751255271564752742098802569457369013602709921317717391395834796101499522112989998064608673365152617508460957271847199169494742733652604566510454030904946488045432446485993374125372512333644220893058002839008396703405324430428109077427797137075238737698017049259668185811958584431
63 33156871345390354103222452197886327373819545915841707236823010217333301075647663631652140995798430035637610123464320412001912601818661378423805162810732259751996721957671805196526217426540938331341257721607011466055603032341363230935952202347751474293432687954387993394217161694579067404029876575905847694556331962474689117094673163531120715224048484013669374056338900141851142312511785396135410580736599333107600146166279977246967010454421716288475714983418790028011900133697204557567138123289485677469913242217972070449044922733894228708918262640035788119657138235955369844213697068455082931286123241347709421948112733309052208891939516181880462375960121655156029273963605442294162443504047879188447590249784807440733185116667036410498881322902683872153623747934712034003116765321294113215477707570319747958236938267191702283197574251778155418
64 592969857657225465047012060672497390924193945620384060985907611055954934070224770530125505561202839054420589525288559786110781724218379823050866435329304870824845763646457144936454082320632874230762417444130663329507650151691881943106546725740535318750598192753199444607995016748865231948448599151111534761963135107768940348105013219501380815376716141329389408987904458191477864669790040470563679630303772993988621186634470865433676139849434468872783081825174760980016812879305549450566211757193189677873844755893687936584522203882675710965596369447045353306895362153135246653667602212959398889040068076493468804602553781674961645975280975583212028905286755076504225255097457223432209553641189122055006862281597759696256644460803280069118413639020440964839347700149485548531787148736337265084046225734088580826768823552542790764039739565123441248217192793840171267806564337
65 31324169325519527258683491876280954431429939855991997215146627322797577361702719869522631872553476212889801293296992996238215656527856331056939651561011222728339318983108762989181623649155988443817649197496658822421789392714803484258249502657796104273471713000060266143938442897127216855717924188382768530307846964740371665249777375111080255304604248037656493621991736360145139237943621462964587889891675053040968168782089470454860244857443117454658632826229259010891543838619422743682331251959504902160729082360189754268022474904289396825558424460288934185258317441299929498975301812240550825509720630548975337373545944291203351993465319845657983169569066783457699674143381705004334316629259065179448425375180984024059802118295931835927981864188496915801741759776694457034405356357198092491225798761309288466486099629084627343573600921446312819829444855725264353064009800807333286807750033048590157710
