0 1
1 1
2 5
3 139
4 332034
5 173636442196
6 27652322898323351716
7 2006943506669869627232430791792
8 95763314593596534914617136274432901605313744
9 4114852471732264714685900791520508800628430894815984377778000
10 209271896111275753120260715655716981464885055724802917074663189240238496442187879
11 16034216779874723925545532584540167207669574808650406380757870772969643791185823237829272507690021585389
12 2296616806972625937446890901746396346633033156936850328893945610743947564654271104184379335849777176252356766451561494803385650802
13 747455928203481622394956131611492397049639985292576008693162414412231372765302568016806059795423280341267073873706839526911605745784109142704914839068077073184
14 660495612012233932455137387180387264229673039503529907296292245069706007253380484730970129994871136488257134738076942337804291679129751001326909854283057583343299522812721824850718595430968010
15 1866527763387498967265846722509482659295519602139849700100892445242860693965831074807678208571129619767566136614602653301149156450762484450499469622522143657335919243239379803942518445283671422281251841649044189010830797013213487
16 19627129075976980352709258074587956499836531926681006757059741810382343569725890102062278171238666905958336078166025506840886725858490083955258274400110786452241774503529162327667105358052764780894953434822952961025826544100284081322415075287808766943875274192637151666
17 884163806264508261556676639878997260126120553873638472268996549102337686121783516075349464682790172449341530149687886815770856168018469515430391317350519051620443469560419665158328606011212886610585350506223891928116901391307943567796703358691150663578640931855877812512389620607123057334610881001160355457802637
18 194656357631207963748474469239128481922300819138912784494863139967372265760958484346891353136668186113654586252227425643169112654403124279820897838181356651412310311063994397621231680468955095328734001665704713044770629873145392797245725999725192255208243551661923729081121127775658843279386761050404382501565709292009085151549927581826360069214829091533978866
19 237009678040637761240215985478165435628442377496571821419779978916997066947428285650185042432573569395654155304917293548487137638221740151301159266787019612064257698991164793149495565692094145126350063348014447712994395576370129908375657060802480130909469744230567204244172598577540306886212554130829129285285303970092576548677778911426608581738268067557935637956943936473726608118038473117136860160976680204799
20 1793182182504634922495263451637018454485158401480283502242790012789126196991162106293468871559539971132313892661454872667150856318039773594947905325037027260731336884143680621155932830912786274129876420335218211963212058260597006554226610687800997140849868092255855653163756838024730007711718139282445627765530659629574429209084307709243761694625366031823823605291650377805260534831630089810172903061319557082613756664737374079042195439265532144692732157004898511375
21 94118986695210452146503694257751823833928118485410153324767473743084034721506352767039238167951175323904825383536060334371499264779380431305208711883181602125541930090583678639409417757444848608908705936729115226168392997974862472875819901167250668194352296550896715784531180871844150930398134850434410528631326386222077060897762284048692149883499023164174937067116240455612979670004859601559645899859169495352815036588600766355155917279020837514375428283599571260054625103176568065810220247292016433449893819147585718887133
22 38043261336586285568479078006407390335040289018320675682326442880598039971952018283757139372435404156625271093011005835810455388920167214963091468170707451783110693757291450255202949250750851418590526662240310639922092444378377829496030266737862394391653959430289711595692128426838239379227484023405934507840875182275851599482595892473808663263437181849528619593360853354738713409595398792969141610396366155897149898363954673929411004357146955283671621903357902508517384462723869361637876042136690473624480567948236281737585771362699782194504586351768372518105192808993744637533444167347
