0 1
1 2
2 5
3 16
4 67
5 404
6 3904
7 64840
8 1930842
9 104698904
10 10401039400
11 1900637187280
12 641429385018832
13 401454435464761376
14 467919402404052870944
15 1019758699013228238271040
16 4171161230867751509749228304
17 32134538863295609990886746650816
18 467780284200773681014219578229415872
19 12904651056704161889172539021919214884480
20 676477233708170711285783136416866403481678336
21 67550502053312028470806254548274722955828315951872
22 12877935068032166036445903648143847803720223643743453440
23 4696750320222034212882990811564699200406433385064234067124736
24 3283221429408661240371642172526238207939853132341861150227878155776
25 4406632111850153499558479021015123561168402643913724291994427407548486656
26 11373956278754983691592693553557855253923000261181011909085677155871319058789376
27 56540117380049560358667594161233289498367192959063620589105251569845506004961844307968
28 542048352575611683133667979116935191443151899126221745949256598705450407787636605598317371392
29 10034820816480313573442949607458859100235798347573647579886279339138207461001571520801592325955948544
30 359160100795592798220424764967771083501087049121290502657419493215869950690781514089472980129766049700057088
31 24880332193955253642172545985188097355198952938006043292420555436355157206346200510561704759556276585569302274629632
32 3339381321518283014290157220381390162435256919097563345799942670102695282833677766841328131503016699872917995422251846993920
33 869244411518645276258840688893130235421496373739955497708541876228827941689868786478419143106439743668388497671420771723038732443648
34 439220730839333933389596748001729172733627189863781992013159506592378635580158974640225014252785455966279075062644770303771192051042441486336
35 431185976170626377102679871526104066223695527440792901190821620204066741353539287179185755325165892157474590510631895695137487750247502009388018384896
36 823079844913407081205862141095813887595397073340986297885492636249012458340621463718874123387499732543060263665851737390737958534549636865396677720679411843072
37 3057384649186089057406178636753456054847259730558081953382187005680347968430514601210619470269612296238163432816665063570190478621761775163437260902732506675343558541312
38 22115986609681392389959935706614014843000561616969199821345020682276267859508925709886291656619671189655163477609682124477099594260930038132228671773532430289836724217761853374464
39 311753646252163397054851734037725528173719648914890578511242350390508914697713096599820240650383714479212654287266420454124138602417351409066224788822120285148274873333898111847859520339968
