0 1
1 2
2 5
3 16
4 67
5 404
6 3904
7 64840
8 1930842
9 104698904
10 10401039400
11 1900637187280
12 641429385018832
13 401454435464761376
14 467919402404052870944
15 1019758699013228238271040
16 4171161230867751509749228304
17 32134538863295609990886746650816
18 467780284200773681014219578229415872
19 12904651056704161889172539021919214884480
20 676477233708170711285783136416866403481678336
21 67550502053312028470806254548274722955828315951872
22 12877935068032166036445903648143847803720223643743453440
23 4696750320222034212882990811564699200406433385064234067124736
24 3283221429408661240371642172526238207939853132341861150227878155776
25 4406632111850153499558479021015123561168402643913724291994427407548486656
26 11373956278754983691592693553557855253923000261181011909085677155871319058789376
27 56540117380049560358667594161233289498367192959063620589105251569845506004961844307968
28 542048352575611683133667979116935191443151899126221745949256598705450407787636605598317371392
29 10034820816480313573442949607458859100235798347573647579886279339138207461001571520801592325955948544
30 359160100795592798220424764967771083501087049121290502657419493215869950690781514089472980129766049700057088
31 24880332193955253642172545985188097355198952938006043292420555436355157206346200510561704759556276585569302274629632
32 3339381321518283014290157220381390162435256919097563345799942670102695282833677766841328131503016699872917995422251846993920
33 869244411518645276258840688893130235421496373739955497708541876228827941689868786478419143106439743668388497671420771723038732443648
34 439220730839333933389596748001729172733627189863781992013159506592378635580158974640225014252785455966279075062644770303771192051042441486336
35 431185976170626377102679871526104066223695527440792901190821620204066741353539287179185755325165892157474590510631895695137487750247502009388018384896
36 823079844913407081205862141095813887595397073340986297885492636249012458340621463718874123387499732543060263665851737390737958534549636865396677720679411843072
37 3057384649186089057406178636753456054847259730558081953382187005680347968430514601210619470269612296238163432816665063570190478621761775163437260902732506675343558541312
38 22115986609681392389959935706614014843000561616969199821345020682276267859508925709886291656619671189655163477609682124477099594260930038132228671773532430289836724217761853374464
39 311753646252163397054851734037725528173719648914890578511242350390508914697713096599820240650383714479212654287266420454124138602417351409066224788822120285148274873333898111847859520339968
40 8569418970924209955357220240861184012534245018059039259293742502626887692481473332330213917949983568289819266796622105285352984293568566802812167645198615781380283417257131245670717524821545931898880
41 459618331641206238025345513611162763052496789983329020713039520288393966078968451977428173845523986141438892283855585547415802644260565377283719990740205181347235173345100278351184513488959746109334750973263872
42 48129114275142991068114871300523189738700656603021874513946751329281940341092821717180252579042910040598922807780744032565068630288066853190772985358093936753230102030846878387034048589405202467556754391222334015656558592
43 9845306190726022394169627065902604246820970827294765949371892494930011136960488514126310344338066197908876709762279382090912534776763137093552893199204837238126014829334242885783488552480421977125971928038636681476447050014107369472
44 3936374049159677669090092103744971087902094335975511101220498880278035755012109101548966038274145180593056681704032860519989952206186868225830095300635230355666420297373610594733668062878092825028072852160663650642413161395104011794381828259840
45 3077752204953461258924364477224001028588368522391351746823300252543361234739051539753663621194680421976884676900765949752832951351792114888623833307984140887664781831922480577289104027342213683447792242174857409740344997842387528150433872793689383679557632
46 4708207772819629111960373379422128089777449240138797623951160811576972228240746621360744798463045286756909172838706104938778888699079153846542256970789407988200922512243167421405328506723960105378450046969925768696064619793950606487417115486296672626806097212659466240
47 14098326310574700262169668206959241125229511047737530090699533292153519148246017757082047660390165359768935157946754005292965545780516368612874569534468009405007765580929385157945530685684958446131771430959139401854321788041920390338384701184056978508648517764939401043764757659648
48 82673459789868016992996292833593513800584938379301238083177777966325002972043776385487360324515986579869093740077505605361947557879759719109665737623845151164162642870131709732725272033592688721729685530605344117715754059533061811339837219451971821225012954292792410238727162715912903345569792
49 949816741587665783608685323212334589097969925317243832518153148056875333312341652352926466137882971478900130091628501853353381051254478645933392056196882496367480735553312355234340999097052373388352173212854565021210208217523032465781246739053590728295902643503557219071919790310083739161934467556744101888
50 21387971617400942702404535260680996897880052371529621355885665037761640698309220294864772380302616461669464162589241192713723544041734801110946097422315331057125184569631898530848236345336699849515737691306449908833727541242708502977147938968362658200794469314630330269181836787978587008242067160533533568254743962189824
51 944341774571444788853500170238655956673905996917018206414928810249533091721304759862692919123940352412919191880592148277969718863133389355209107729085784161384264599733948247594524570012524720538860400047407742065782646599070919019869357382468632004242781412882528141851308333000880829413266491491508236724938931132421829088195379200
52 81787255078253765609831969272920359912954074889976237734046901958038992659724155471931380246767384395908424185223389952172522947010854941698491748585318130353552377040046134524253892372790546658986262457684533265038989369527359349399363322944104911786495542534852321361477150281089400363608278596324799850562579929545410065347836586230339342434304
53 13899511377133104414632925048306167728139359417538634615377361142482330788027405887814320957048337126949848999679070485414159049953194542835102124076492302965496409555740007434297586106490952598808009007750659909892959912470426905638070334246685329344239915478211468158056481936032980801979120051217408659659717495892864326066641401239403948661115102502391382016
54 4636876611754371446306038853384868925701915830749611744129169602190383890792637093294701007563670981055934223370455223259341623654516286823602413819925522619298631553365114166543397940160318696625833159611610588804301230176615119533181396662717438069676254949624650789223372714803626343556294341448164921720669516252345448180864509723629411704322244094922228738303951764455424
55 3037474295397695589231283835022140089396308198991234504491158569997577443104592205562895540272055110581412474711912468567023906024969602813951160905232580624678712884645001533357955253590580156708255627840150206715401887492561654416826594799403608355071439467588181354877757068139130390060930986880383803133520424280273543117411894748137592682898763858823854493522873282162769701195223138304
56 3908448029971500078458305294332912990530429712851982737522570550898768379192630568445541017031386947820795707903953932339489597445205745739548504392855317340782517111611263499820161399881471770962800922440447115867438899809355758259571328492227937422820858618269689109236140049875509611802360723987861133423327378494736716345346834411915498980663924611670385841053214484567974788299774098357124447988613120
57 9881872332000794768286442338671321924879304880694273421833011325266506081114267477569413911657834315168577682537571961629025543711132787890801907128852392115053508700344696829003655256641410299654461050700685607983280184483668664031090160364487711031702292509439830482286383418050691058957385205694152195763552905363757320614403457263721869491029455486237511224303975497295298716670304581356631936051413855478535002521600
58 49107858264409772166098323881146567004162484082141517641259512185302646372470859105731603317704873980928086066955978566912711947658180172950172074318836987409771140799779289016962776910470355040978593994362075308206018225940472140830256816224724443156391820935861264981087741559598141238541210853437332123842241877200713596083118867931995197454819763009493531776338293976191348676104509317600291426841020566969314924712315978464955990016
59 479809371510363922284417225218969748680033014084700493217703397456538201936280232416650271625291130249141431881616785103582455002995243047957106516429918981185084888856648005882709063741427307831321104197341907711940944770145417179089086045305262130221420576803115058660143556729719455347312800209127121331086106722357487533568876984456178650873968173958007765558630162834257404740671579278040047564577192770878163241325904359062571924849465905500913664
60 9219709042103226639665543113915610067300172074196034020651048607479225293326096266022617712450836863882218777602377352691047472330982702317159726517762576783705751152818699322721153572700246423333566527764667981199468059531126102775280713277513599520990298287286579916544656866902519524921121837479345611598313255906626139623153651085831344395693520781128133947802340566252186940662501134567962947792726187661989863321151761931750201621558594152108792260468725577154560
61 348511502323245772118197796449624315877603970265707231543121701758389763825473001656783488571751694137972719847051256702466088760432524138743798924960657463615371694203722786419418085254298208732103676967074945188190426448959449351227745049873700639726728296174231642065316116659542776080206111931240256775844517447228694847283443237738902715732771173815010001084120813374137923310253803556119147048602319997426423517136230189908548475989260021022656460432150870664262150032584412758016
62 25922993911697355284452944394272061836035971498503216907910550397032544369743238373420168075734896668646011313779682148574963249755786701995611406610122221120335310959024081637293511711411742847813738876453062569076589013200989982819810514090280832347512541303301754657494012208205202285330755656897998515315976507775947766799248582829866303128388293124356934258711009063300071946852882479607064837046156914197423190873675655948447530483066620803503322400987588776262109138765215212894134631644958556160
63 3795197097725491121893245014352733002516857806701517810176025429015893511511004280542513356536926101723600794073685975256950697539769368653760993721886242002710638158754260445416991590023883610186188463842045487098641569814041485478882841605615209648990508431618633592682000603860168678292423577566343306282045105957604305676264863798520440283126655886340955811661505961262442489569312533371879848114775538652793087179877150734791849536965414116114524509361078120355794518803817395304170495578684728968213801852974661632
64 1093891087047302909290710241499998034598154909070721633435438229494527786628578725664255319931663437466041235898085073987084169144585761016091839241609154960729313034129199060888641569651285245534778879661277702795981392217580036619649804698308638669960455179188346096854575214633643937922826203739388906316071042105948082348818518979786066292591573931101678647276547448924441521728692148206752816176310509819064443343411668929376148521232624224991445003794754953287151489571487288076991380041455873630122777093616311331575015260412706816
65 620883966993031788723039239104964405503114352125281006743942045722975190824431824707467902913038733007748259210187621238980747789782595844503022374535755202575162245445923239684610878586558302247998712471210217261671936841600705475755982354704090586350968054608155076102872005123139040097050938052163490774943929598568100405662784322640491517317396130975137336156980129410152779626956347279820028038605604659669105209447483396677830712744211547741405782900971092510872761673631255585774575837353983811815270912088263246428582177160946376681930931172278272
66 694138644763029435774873352496602228146754824829852041192458968636116219559480045243614190580947119619964426245849069496804731223732162066904358881868953506031942027190770987727051820622715258564073362800176566072159409818785206890707064222556618299995835507170096689382148386850663397291689189994114035382780002078411724445249104022331412832828855569677418069278357493539259400824820243350872699629983267436462694446118593341424087299153494901602712714652685939177030051664276234622011714358634368697781491704652229700239488921394289537345958041748555903935829221625036800
67 1528907215715246895598215682735484365161390470236115226816078841288139111779168453468636145789738307464621617404103368738610851088777840856711261329052181335534687665281009665597484457002530530004579609211640687401990769716291792510241551197658557242329036865951791056100540716729820774458071859359470227263240021859485762130022701622467840108747271224615058123498883244774149418264399389280558615717663436929172045542183902478315498853668898937486556525526519387162723577309159825824353763139896980372956330192869850648346889724150903669360854036494889756961123056431762011792016022129606656
68 6636084734293412119496301661092718072845435488162212602064325488975381534888571001365838588729261179663767781829691530897322396058203762562799046798450010668894714753691942313921396080150354938693707974072092768732437841489338437468899870859231278567245209783547430363784418927591716899239119881506487056386014520875480643678601629619433966204839880994879065431848533148965128074331768847655216645058622831463613502246973208109080443516196517595501592528300530728696404308136544756889266388108132557863256784256899709030033097482428680816039213475551687756314427968487315151180616713766909723421273370944077824
69 56771782838242979268216111136271747846195088121250855030812695860125847229929945095400768220619634263395133559342703724109952965989116875685693693713245704423050169507419736049885794144123266768434581288810755584041009629339252899326651011065598788745766818968525518720134158915020204970278026040122979358523988832049167796703150692648129970733218098118515872598375027036687580609684262768848926061495688526757408845096295370464502619461216364897797175135733975064513766402985339641596891500145953816285798411736215701511275458344355598970150913570267026033686624414088994269601013825716641166751317601401432292024323052815777792
70 957489873028831363461549907780282410423855045095094352298294729131384182189154419400606115670293218902257937681107137374822612661816097032962841552139148872172217616918508770536229096535701050412141662348775792620679725918378523138275965861082107628574547354556844480356122691325072967902020216570321600923646553852479367917543485498579000804834399176430765732043104363526898797082600012853067155352764643354620825165905318191842894983948660067838515548828013108757040979749120185376117633554412509691421372471464208390569621857157717698212502689825124036388739137397314727925804627044269462431932062613778442096465642554427950588972726467476586496
71 31842380873792010783045557983191860412496042354447148378155589843152022818730091358004378549957883684119067782968278152822832698491103495189006677108827980468690279918907893964035371315691905202808928294567264971957176066306837158400816441507789951489429683181537176645013394592395427656280968539638965115154682143942799166810482370707451280857103697370953661475444331487892863072772874408453283917519130315242673126598251443825267704973662292762608139390626033556222673525691118616711393247242935153907897085968965992524161220972597643922487021149820070965917667089665963643134590046476663168674030548200288566404069628950731324941187135837673405714159506426299416576
72 2088491557960622750054828970732750518937051153749584190351212544387814159987083402565530782432313931225444735703336787015043619687319496229673654385374078386890965263030831053782575172375395589154496502564871751318426661379174352625675323310482507740968015180559626414257553187387560271781035187104915049836608766611759804591413760594300460899340479857538849536464307318105896784489396090812492753727528823262945161925063750695076402543588771587947705270119822207280559492158191457411332923355995883665099891918248716547176824228572148841660277895360456983474476207586166412782607810826668968385455697663043056309437401815845697083282353657474087476082965236899423562772852211644572368896
73 270208836522450735214702444385437739943292003829225339217124035928326066282798831862542791878946404896343025326181673709086139202744256895583735513750104669224363594141322759355364348856694003410629081956704494908362884461178129707098163578234409041691099921627407578902594978015324178569516828050665148579278469621347196561893443058450798040105791942688173409005444693010860640983305545571957574990847206600579860384839365007431993601681989019321346863702436950268526733546604523254806999464636633575815277522183306700225356316486167560191545529620982756710488185643241341035158381843243099022595470862981488847453909942930383278058805134856946608131692661834390315225727986504974590017175019839029667430400
74 68974332592909438577388443338809031593598633934756104338987091490342236542039277407956228554625158999418583737862326743645845969197655957688859454735540649513060949403973297414382782136362545092022766297674372614947266558496327995105797752599721257644478206858449084071830876825983030702942648994982613297622492586716536883003419705123162626883106026601032476346670014441253320968282208604790494001166469920364347681282973324376128491973373782559263469270300435821099950238165224098448402832246079962081506767584991296831088674144370243475845339739981453283473031065933045376713130589894402897486662315014157200920687690534075706071070504101971059912015184363177583423390184807500030313784505937297054944519939132506513403281408
75 34743688150939614056954368846737030692078015110983400737045730655263969927601396168132842504818103359422544239714271267564691243969759280636718811189784633661922123036312616595696947714415047553564178286615207733523069739653498588255970331575031188494914839518943934811032474587849330435207495779178379093710434785067841975630102867728429459642002857969149153507947603757137057667806378307935220824037094491885475503012297213049413301134624839127734299777058713964219506927349760473892204396259600853355177716840604077931312914141389965229260582094260240974055390660882878372005231928961128939513744678071946083605305365495541610071948873421714096666126290200801999097109602146927778629015665750456608023581614997327196019433316896480950333846061056
76 34541563876899467858805350913595102430769546974579020843854135852662407946807973729116422989417359566819165193970622471832099632964490047576472309597465755608024587009629486244390444256341090167420743610141721123612802819461996576598090385783231524968241157225542537684164842023835943119896682403911465904976923020692600617872852270819213084057295993305703874767198236781927365619791422656298640829787308433460807666242907590537416690164512524899954541276036457199170300391964318130357402676041846997460645126944152034277886848637035694857166134466293845815564497550088545345827672849024693790414460179928077879013942021492187509395835678286757934773906422175541504500323093632453776896291968674195584041580198034062430400581652341165445674733328314239036246975341133824
77 67789266916642463084128684825770526823360620181299673025795070174560879537945106661561297965616741321447336696259914368960419209680728868985617412604539572359312060260607567334409343231062718412238280367770849043162814753046687791008673749983356836227170462161634649635485078069818788794308978216119941281568462301274672837339540767868136631453536308209431157611667974827696683132039950483262219917514944189728653868810477518292497376149222521253703843409367121329519925846163280297595022131250234780158712158461932913220350206769075198416552331859082391075761151036296758603167777704807382516031535114456327917390163266104414007121973371385634930767943849240075040019539151710090388056959267646469317421114535459116646782398406701431689106077043367111937613679171436855118377555024584638464
78 262667291885502742283005278882871355806807016849678984072983636997689721953138524594532678850881462979065816512979785209598774893190690962027394633009142437809067598033496147534258648309548289745527317699845256286413869000493474001719558861292002447976858914590242601258921132809225763008408899188142642815280914759267302759232327992225904170123469126585591991900117510819194273589427079165050880968724817324618337113841733595648243596713212864734390755191668605361393325194164342295673692211209827073159754195026021339524702216985802141961593504914547583460503713662363617171349308736439168243660937099584151049415460018564243435493903935385296783931465616264036705422842747447008520417608012425474864957882342734898740452766180915757710813699728464244758595673427939315001349789564525077200089257221539797925888
79 2009780197016686315022685275164200387214311797303478344010542067017641536781306384792605013366619068247095768998009320413097518851192418466911248349875648408011174739873586907388780117487894936017788511078967894168651199837996219185508591766598878267202173942717834290653972556293718298696990634096831649860925370107427294556809014980523137970182277906368067664075013877699440909507590012607605418290202781404927104318046993399401297177992386825816295725807088319015434157954248361272728749514049414425190044186570304607895492693972679997561412638183197984772783977261883633520731796892933349466728844856005355247052477733629959487970222459666536818610202259314809779524378811574222267874805181705533386643192336757675302892990764983876546340741765908520049771841570829026056290212642597307146810693841780799368324311679311979185438720
80 30370939649045605048525501926670369217612690075378709831688192831250310377950438384231376421224500227520245487582243386796107381222488021025896056057022103460012677576034186685611909800481546158194928946414197102601925165601334445830243137101796568901972119414266082850879081508023153226808945728885977924075441669729685908387987787148649336671186834872225110254795693670534855274419448768949019029051577998440594411094496528072709873554541248407987729870805377777764947369936476071198213730417589782223440888213852693731448183047294577747137888694433637572202834795103443991773601752097739219349512732115245674037793431950740578658489337460428622273926132733396638602227575711782181790731713437677496138062234483341510560189199921666841129781574445174891075202421028703628466136574071144302833433805884428333302229807702577372555199578322199655388817653760
81 906573163152812252423121844665096596926721046374537730879863807464010615239907544098686878493132477465687347749071012383118878441849872525711295096698682158299643047100456269086205321620915404542225954607707315905209723378413353109351557982444923828248880882675076546664533266364284455844936791605332785288988473919096516538592274435737805035097922352999036300938813505440796168654190681235824545670416340212534996673711836285626312066583907664983234946894194640522305322186138339120562890052495185445949887554885258803435883403686896416932059700408653471902325252527126500080392815583397057747238962953028546653405933031205328974911573082050718490202024485675821469042187657750081267572424281458805094953608601002617075700347129142611748707378840062594178071915534408890822516495601452770017094793538717511146249712717755586310179841921192363576058236811486221932294869054652416
82 53462424600250755585001062682411998718654204328504204353219371068600356038867497490359852477984549353191285944312857139937946679441308353953938327823230070585853042668029647547575621256360035270858921492951987588352883289284656758515062980052786683866972116036508517753744080765905316594237497706256229045619935153022351276483891883825673433740031545970627082961945041446495191650574592733528806852449406111731540893644484712472469349268029071377562481323661165847601401516418320252966170895174678074997099776087098397727934486416429078462350190959479087117351235481641605420599287056996601999655779328265080666082389057952190836957646172338522073218586507663341856766340791586151428289254009445948070468959019166101876512725814251586334184302586236786415879570886841966911028844932585749933220705663019878542773352429372423978545482936308148395665180102045586719392341827978852892982259422893621379072
83 6229600528042742960075939419049349729476173438277138323291021780349325699290763482998333381337478342959905914952796511575511631962130951718332206384446005741900074396518397838521306674113027325955554048251811459130289565145711908007280746374406366681551637270989100077698635717220127932837340031508038979428827302764511673244235398390769312215131308191209995938784636029745931580078028607977642268277779849621901856486981925365047328571250683916226900386932611009096859732087267482799036171423814292805214898015827390974139325121604071537232560866500807810373845149442372797050265199938086975570952088268208088982904753803996684632281379893473400316628355226957924427219862594549803181550792367282998210702251448710321685004890643239540930779175407052682846837948874825644499110322319320670373791235459955159293938786624140705136906653400493736226020300065317079397143202863685994646447872992415051893158083794955938104868864
