0 1
1 3
2 27
3 738
4 90492
5 64796982
6 302752867740
7 9610448114487414
8 2130536585704570302966
9 3379836486315342147630795474
10 39197947672609240635681299333726499
11 3385559039111928075792568062997302563515455
12 2212558055097091715366351569353345370930731329332056
13 11091082034548666440958582708399999516945734845136179036807181
14 431485044856930744611380936773446724263050622096264447482559833033793123
15 131610168719324805108481850997911761346378815864053986123320450032960299413401483636
16 317544388172157140432434356959621136444101716929774649701870913143552605181848249369597289250014
17 6108105060604786666682393767517377374709679254505837819502131721552484506985158989246114349520226207188260762
18 943202257772150462091683946942314587219822830631564929429770902613002988550124434657489286386491879579681527474470140060586
19 1176478078102228745373787991340799851701415701776695149106439595534316256822820617053337876922265832412815264461987345716000974771275857121
20 11919353536255215449938673764825311070179048537018763088045016626249964726039768095393777844968519733717461716199330130383004136914934834568756643680609274
21 985792536105875171312890621901779255633355582706926900269212619850854778588292226108141720172610572420559178479599887820290660731478584101095031537756565052402895524561140
22 668581116019662140663077406227750960653591489733490289526314845802405141474325591862955299232256820602817576999184718485319398675480014107515483820987886714367858510399023593912450103947563
23 3733833020706492579044667109092423023790349404458113366828621058152657928163515082473893707725700837627783951474553557812384376177826619870349295959366687489360393854306721786441269331096572209075785225898773
24 172357973429421964196486788241474941183882783726631100791436312505201485384883862951762769676266174653698839668241459664402147119414346397792989124678042726218631072589814737591316923118099012840014879777315692286482271827291103
25 65992235804486830593289518744438363399209117261417562579591831288398436523224084406843431026203725716834347054687882128822046001478257980972714323830263055461887970457244387961678558881773033554284235859775967231435976623655835246020532413367117549
26 210247159464024143519687071804521537573309008248292062064954060081491313983255425523191457051514548698938056521570416510578558933057010377859505272480098022602949280142551430726781561594079479023764824609244421884473639136096883556078283558080097447793221398856444615297
27 5590222691572181105617082347631333149258350645560051561584303739834286435074840610465698758011223450453916907232656113317858063317620317538061669684278819581768496241639086357896084367937615634755664381850047106233947459629170309890794673169787378841799185207345468925616933423149398908346852
28 1243890226852676417697457851079106953758399105587580129990277321880074185009191372067644282708942132403801492426688918837253282241724189127881646729804894872041796432277306063104695614463741153967685840795517148689101154156251737474703912054455276115213872180103649306136736380144660589295077985933216236851209605475
29 2322189081886102246198766504288948683237427014876439517792905699217043390461509227254619265038317570313637740866499225357275612808224649178264602473637816449844171678286037399681876347979742232200733668809443360841597865690885806368723128213809327606887431384620394649312208517336801876207364205028626123977110677871336053559610450496381765
30 36459364783134825287443807339339385058895981821332653205802871832823780051209195712669763910281340243066194788308539049127682240967862484814552517837967444825445729737680800004566845547321257619068973682320217490051074185480522674705749899271266873992119919366387587847318395116341594228113465792719145967625206765438162502741386317172767224364164348041320998031243
31 4824832580015114493280183985599464686502443780656142963629493084636571772744919164429038988273633566702086467895374090658804900868672057795558496566287604484376086628615820957171715988805445341529763608123791194566293933031331953486999918216140020175960938207213410111010118682907344736417203698170137065002553249553338204127027873628077024702667906583896996496640188723032649776418785682444
32 5392887228386068592501579170287735408180430378999599164617691439166231272822437136839445917189805842279787320112658308386353853382622932157778684658114524764045245458590509677878518464770401864181312733668068564506936244306248678510757024542327397712727099598259532731730591651449890907481625124012134238900049336648009857514698437707091001112053518038442800472244238740360140498431142235799821438616567103839452346655
33 51012313004862202974201023081644233822417638782487042234445461142115214040197170276488093981498201076988319417082777348230738490644635380683358544214103382002331098297868235108838766340191875859742042737529320659021135540902804913458926503608739212680137060683845575487659200301373249505480901471730063195716405738247330749841546432369281442074883025951143867750883081886025843644643161923134463844666914337934696334474197798222509156193610762207
34 4091110858661524030377322253612952358122671444234762464384720346859268936385884697344246711538259236100389617896727185341615741012257712326813636687013005644044889208240144482707961931556554681972411724489945811142113466387091066510869092810785321722094837340823867319255373432474774675301796386854735594740256686997387096729084032102964480312362111741790248715811616934257451813993391670319694384022333172455917110157232735336175428677070586475503013694682401498992442294622
35 2786581406094088722829862906894233830908995439714819032787370180676657805835393819580028418805983048172416946102812906739647251428818716796891455652196677466618588767731335578025757506686496053106480504341623699402210916511112176225852125029348727022898174959282531774993749274954967442282967153460075344507545805981661562348750816790754630850494629322734753542697040923746761835583177215464357900611190641736585443140626591274049935844015763451307339459344094392679513384642717058153897084973748772824692
36 16146404136055829989193422592356161074608799816701055106120458365121639322082241407416869249932478790917130997249778192962886615535807136108622753327946015187103112205426512853794783002279258883841668945800475298366521197135202310240497823451401256114501714624346327448931641708423481747358532054135509256037658992727650912621307326167971585483321926731643492121437886097870795164930292595188724204352454698987449003346935576775217174636549517516856112707234266853341162599276423472488120167732947563621014949776892733990205749055511569
