0 1
1 4
2 76
3 8240
4 7880456
5 79846389608
6 9178323524804624
7 12508419942924578958856
8 209493560585995285291677153144
9 44407122853769773657258254744483639216
10 122042291850117110186411151373496788803833567344
11 4435666701292795500500326090033525002278314431436080593856
12 2167545586737295455223492914353962562477894220084409193567447149877280
13 14440389620044791318138144137455956793240415808146904335461014931046163170375961880
14 1327216861789280759206519039183311779107247000237090366713033223707640399212232426870927158069248
15 1700195692261928314949550775690758107966834352184504139124404487618281791579174176910306866767540945351919927840
16 30627998465824704812325839165007501292171418156965631613054466323684661917377202095012937286354544784207943622935239596405818856
17 7819886872845345529518744487251448134924933835966588344134853664709702229904333282899533932294707992515465831325725843423420428902846592984476384
18 28494113617227731380824756287632883731620348133925818959076861315109303789664351079716198631167176866542236765096389086637925600372729350981588710439534679520627784
19 1490965614108749031170305434829698768613055377031839717146225373626050360419416640645308233380292445649871536520297267791473337611384667244708822411817143268020585699953784956400432272
20 1126541765896241445394661856519708984202304019344169792624580763723145292128695535640316970129766265502277815828603323168702031460773854380385963065255059225405053297948663679405853004989717871424980138024
21 12352883694563245412771421060237166580244225779630032415350074858122347344670130794113260784709519484224226199023314550909899097968033517906593278938073338840482114878532303352126629584682744174731461562910262617004078769224848
22 1974706782680346402229141657364249105385214320120642525199624151213933616765558607809505465550895258432701557268785673138544867873963937810616054723793844713312145501522808846621074505042202417928705358221767658309590993482232185990214425677393865928
23 4621112650438175098624720374346969058169217800971466627196616434238355832828983900813560050981295046293390918710485342615105209751808276781986097283599716283569180446824493256861481943978859197029084032210942596933951707047704113189774338959635837863487907732866549903190568
24 158907232666546819804474206915850151024126763825712591825154795863047962042549973170140304632093639554152594162805980422030438706549361322543697882076465586633001820869019205430444992348424490109745920651266996372822580977641296038431875129534018373272248192396100028037526236197078213890406552428200
25 80575539548026914211030967786439339005479391616115978891920899087579356737004134294783961100818691498286608866432899498130086093343362017308915708463624878090135405451110137989934505758011030075042367106516380949944149719018758620655483872176416471589950339255495768954765021661391928962197364614278959139364291556756409889920
26 604388349536864282753703762508387880094432363772785211432798355326762047898098069378427539977513643890821444984923956578307494416544353104212721465244136480728495637805676596010361936710074905226218246630325551045816223177771482426824799020424132523365139843134663905006805526291955803094298684224237848524527109990420975339680264367887894895922448321928
