0 1
1 6
2 351
3 289716
4 4947097821
5 1979525296377132
6 19909522361922032493690
7 5304145637506715118807098435916
8 38963096281905114770318673967657388979120
9 8141947887028911666338424253996955242756334258901612
10 49613471837781303435661841941440050234912472934180371572880191904
11 8994768535627543724734152165671761741211646617652155254447494043481218227293088
12 49329436381541144253846807927738952481746712486108025220485825265040756462289324528178294382292
13 8298520807029223933460762554750613717138107126888369747158747190909394355794954224352520771095694179109108066204
14 43333959397252653319650889352289357367411452144443077024404744145356106851319094635298055647533362045808251647995246709551633234662
15 7096302402221497638134190498720491225589036563365208089830797671419018997750958375708292271193091097091293816691993873399507891472036070655065524609180
16 36768923133176834141402429892891295600685674368888352611751489067434208194927397493622589680099405085428500272507183120964145884275958746869372906284637952674525718352985554
17 6075392357946652452155134277459153257064057643799864209843341473241673271358404712741751110942086833395166995936253550328803365453904148947762937228041384154408233631973699588192097627523679208332
18 32234659257482858194844646361457407526714803683850457661959178908221281480905409333491231521105532296791373666684945533679162715405758453216017554214029850287933945700211058917093811877243999379357601110434219039126277140
19 5526016102195986846159213698333029131074477106439218464956092037204856595675373056445347964022619822070006299624709094566436164958520946692985527453739782254457636789742581014511194641473560889088853177004911661550677925815684490149025892704778592
20 30778745861514004560180383660793229361601570916255718415595535662428644595152459179488970637795348408667771206070335552966093879625827926685237108302388772440849458400562515271729400971651415541087118255908012556961434899101687379303325855408977294786169142286154172811192382
21 5597751254642350366071839349850285048603158027291838617546401142143104627368997641314465757563997948201095257454605793895742662573140314494550829519053626213516552897530885512671083836852087443247313733486287550408473414091875094457083278657012398050382082572358683131637219456027568242128946712755199052
22 33394273583609503239441117350312298914206182888622061922502524501659595746357249017909357398340450432345226541302229264298476124454147067901146638100975303908363757463472092955084461773676771893066432851915240209553806133473743984222128047443436493289379115569557446468945014559588413569932080088189881541122973888317749896972330957238
23 6561794059800996010137286266794275214074082089005342067076594566901519771578344301762392836479472731723626533013249251919400084048656029801947776790203897434280655829065428370938841987604317756494998387747950204257631834543894426232166099330186625338550378438256527409514412577725914948052140852561177481496800934591583321736803754025632784488300108008700686634914552
24 42629366682071813053679125105641087597098893508536092812800284034798171173290752589251602136138362338951551067014085276720883586435690933556079155328172305645101097925402584800610711460973010075518178418939435262446704396566041131312005055661257688999428279407324960652184396339602344852476673697690389139335518635149250689377673957863889839063776386124415183552856408595873911169064074294193219824972
25 9188405055813027289516944450145870471908432284344297977706156393745274744935016542139615746616685857909640910106827742119955483378095892945402219545728723866594396604623003607487461866179201066627849940667823159658325569194127371615148771573613235610048505221868963203690523221294020151309612942978620761614579681948510098838670568597594860366066278468281303672588212948853607257580139242220117285123319139951881078963638308387203060544
26 65918483222274410830851728784798209409492844162658038475679574152957336211151266442291970761890973508607055993107870406866466455601064034168952553748777415637583294142544459543179027454757889855271663710404338438333085509922855477857135377905586765513325526591041654975460357552589523477257119210806067393776242718374210260454252038271621035495148875916412012542409748534988179953939737279521211000684215447558781267170877753588099303937871338274714295145659954048906128152
27 15786866911833948858703255550737234294353656134324114109235440276175945958724066356943486120389478086227987902902929916269962808001377494138606830310144356319748778944524475159023669010686256094246957066529532281399100963722941170109851150968525134675742135279172365036967267438580493357915034936471789016126444405733046137713578862223858675310713641834862745506625607288461022800585637656938174809105868705167843713004503116039484787078867327431308977536591126409324149531331019698776903278826207331110235581396
28 126560638203395764369461415240392021773151814371352940738945835278452997199548258888024093797708542029851895471790655031043755518171876784712818525494496216455036085433880573398972427662017979204009294282408244512635926290365859159503137416391548039973303854436691203369793551998141552859573849888134906294025578350405015393991414275602557218264343905676235075912957929964608543772621055984496300424825454863212725013441920033182195482339193622731797787712386101622820788171588699637388047965670109780410571493036793654248899904530412032143260425792576
29 34050534397890976336586758597217494575056196560787537952511874798000890440017344806197026398898421900202280926641420387538646917769073076173287852648695801082439617709934322919803333597760939603714546043756434243366665141870779508842214031163937756916233455783951661591240245856434689770908266168870255710764976040389390365379985968327578461718595279502873729031726159372834042530429560469646160033858787970025084619697095774933185182514453069343259104208694562884871833975314104673889220537713223526731148011619891508716849613111948785024387462039903007745859599455137558542059157561412645248
30 308180528376464139711334052751139389595823874850449952964055284863110354864344767349772307087613064177050942445928339447772839723830275973434640789948250526267104727169964158560530595031854853910869672084487191199153684326324937732431465372698230369845334280609487295387280396234377346258811263918250461376655108611742653065702014994811169205222730308627770560074345057864388421766942946269084517631897056881123732115948381138090438591306529598734873849322819106301204009339473374310656260716927512182649534540829697604403519785823717813943032015212729402973450786022879446471201834050079377005347227143450250641139177766692565894065376
