0 1
1 7
2 637
3 1144836
4 58002778967
5 93242242505023122
6 5116530046996205504668323
7 10114980502439545115146468340980932
8 750304814691805977574386038534306614497574954
9 2154844572709712035236045223460733805672731741592666006584
10 245628114245281866095198954678349240007989302421339743406006763590200866
11 1133839101111678759570477188819943192496479967890934766266440583659109172474365676381792
12 215498294807304250872078322268351398880306854572569166478241300900657652894785701101092615139983339268894
13 1710047328203545086631217600946504247284180322261497008121196650942148800567309301883835182811312105257489195884933156487094
14 573322701729243998033081174287525233941483203082032799786851666648815117926309928481838867668495509355277260961153703044027427757862266253446790
15 8204644741433907152162853287304004582164183971764537243154950618304334836619166637534515504322257535672764504233992124130828666071669839204183139567211453387504965468
16 5056605306609423298053042473425844403637717004948186115093060347692295938373255806793461781306247944876232352591027871567381166815495214774211488117651406687603389990651594640372685577113737
17 135268456291350103576175443877575179543105886203017889136631994815399423036513229744590092835406697934934423533989913377855262298835751413384112354943086601479259496281302024796314721101188274105016807500556809240715
18 158154999126648755809598747079736728348847426482299357659369440032989985453907852180851673154920279905256756776007162465255724587000120463886922214731442590763606308186567160458919133345459687410049071183449839240416357012392620782999662725912
19 8132109216833307075416190874091002094130795192586703302108714472587058189570475534727296155178038350834760481267186185434851682761569210189483359792517141982801280415760435181678700222973951358650166975257205165985095831488739432943194471370635841224421889266957993094231
20 18491271360740855880591277978407842456275857031239129961206943863535597969154735191589927859248689914666244092009216764496117789432204246608457187360772284721274652785293662580389115910826656539165272996278405795299293496801658905811475788731902508527409220592095709439040773563001998417234356123775082
21 1868735444858675080942657400754501660447866066426757258105328119363863881534111931556408916622061094619631177573785509657116960725718759452652258922028775755049888824873089373530211774180977333675218137357630022954527287840170775550512224142444723328465253221133723483260448230711777845053815581821340712436208611930331074995460953388
22 8431758945057432557003365596982101722498144303256998132583369226572362502189075489994040499450986604743484358661158721849667376136703268428984399957435441059692537884592062470187323121864970470524994173145991344598592296160375486905856789078488413005410535786082381617983432458780245517647886895328661560597995481707319200179989561090006550072892580377232008840345704
23 1705588702375384455655681769353152592528146527736705939843274669987336854903174542704190491184031190955686133074020080876871343197396908709358764088990250777738630386092050939874322483635897378764651125131162656619215328252330252038492306943872232289576411773457260309940659986084518616018905103198670507895719269717340908399906953740012183936377028286938939983038342498250508101964071249208041020866530
24 15526004506582493622396640757298751064523844215648219714799337938252376145600261396678560183256444312625591059002369608656707981655349858170190869902545460001219285745322499399145431158334871305181249552960494307968547143708546553144800134988298244300911873325222259612795781815980044795844433002034833531210911077761172515811053609229255721963620794829888751618930313779635179517959899831489171597165658836136143037167811501018094777120682
25 6382394595902810858777109386414322887566950178668364619090316626688261881144496414891104590082622873853919378140863084380226338706113993074407845224818425405671719722082814029187716745688632968773052060149132845076506644786018943827104318433572265319027722773892789371033898514594553909813110680839373047356324488685133816015214419128577753018211268173927481252568058558033697949094404763220121503097235445410226653526522910759751822976128614893260536753332437596907562819323529
26 118860347609157885775640467040062978305134321211780471150111839337282234543272852954981689273576429029197375988135548025190916959603466346700870250050144736282101733632396736042148603115495740986532819599388332740242345156617984645596810853194369813328428814999934380888394218183656675819566515411142875243553861699077492313303364943845404938137393462983293764729553724312587102571356390745523830288062735880355331934956779369769826191575234046564559019866700721096669847765749839813750220683581640982636132849599559056
27 100578600528494782862409395435019892723559144747305893326760187080604310360876018341682549344103395813748415927628847736868579795239796234839561664934887918094523607370838226351683153869938367965300606071139583275344616327403437340299344599958813942570397544240704765140456536125766881577034465890244587838982026033730946568951108712997875797802034556204087341107266396846804959191770933583766043629799246743828488834949470114324129727974011229807908712660826198440975199100317393365861141322387969486071156180353918587909614127321512239942049455901607680486777
28 3877767143843216564881614771514083859903073326808554893908225050909455362894569024969927836187959904664247091362431584014231768159394151807231956862955753754210431561197474258030281607956403065376919496125095571301727601582193173468925886545949467130740500903292017614652146009414748939275448169747714074745633045374903618181823957771945436880240640482811438201119101288368039368309930597965715438200676174607342329489337791560745979928753469123117657010374167489515090206297200038195549107337567525765276300334012585403422505767184948649873589040358413005899259098398082658497280881724611529293883923883
29 6829265728811686810912863537495942414424303210629551530636326706879870375473065442438479739029974667852553164133130705539948485840624017960819922848889078230894679871521080667614048981453290656954817714925689918914970837835563213985955845765167566922473933856509788501377961608114631632136363877381769107692313776576395938972179362963473048607670488233732645619338013590947563183303876501236252285318323245518485126811852427692113585464549638854536484993585130921581652158897744085042739958694158774801332729288584667348705886816868248348558682960747276248370249758784880107233918861047226246036508952045596904183127719220822836960630479186877934593
30 550700997307341781657121633942870131999834538989710459150663344393484825291362423884398940526898492763832051599920469018116435972572158694065618630282574742849057560359140774266431822436919231763144806220742758962904950941657573159284383954179501494469413072969272985546253348151450144980296718504975692887877583760942225611865714526592543073149216645647766566804888341690543019470690933786476426599978368950553583867398308803051534529491876736780530555119657356322698127585633855991749568534443487120071991007756162540661794106432670638596337568022642860082469338993054300194959471787525261529091100613587989657182059581255838485680405286173101970196998744356577259534649349927507984507347389585
