0 1
1 1
2 5
3 18
4 173
5 2812
6 126446
7 16821330
8 7343033248
9 10733521835504
10 52867612881649880
11 882178115128903807148
12 50227997322259477864188380
13 9837048598740464300126599181536
14 6681839615514161335727724211992609234
15 15867777966020615016155969700335142344866474
16 132740790381260465036422669951347178976649497348434
17 3939166470253284794391201313618940775368929784733992443482
18 417362997497053062455288855478688611251965883180455303224744076856
19 158815405571780623434061509693590318963534859803694213937451401682555602140
20 218210912133017925888004447237030644872779864535331800327859903224566441887567073018
21 1087920745986275856287224095080559562487324591380174845639018151968435112577764196183433035952
22 19769813026189619936289411812272996017395481889248680158708488055588393288637730451795880540833074427866
23 1314846490268269890121237711191942592923565077013187697628714601307014096320621444958723115994548085985311009620048
24 321255414337660639111077083057842639191818107697427293686528984085851071829047067273693286285288279146998775064136487902114324
25 289356806418931798426971199513613039858708060756753789078367079855364920172892695784503877930810797929785131700583956344028546094069414924
26 963858376678123903238220808790844109704402210717148505970344235590526524389072003796565802625123063424672306221026343017633765309045352689236404293396
27 11908951674972040053682244809301939390485744960960656573710271891144744760583178426710758772312674271526532821617650142003105651676221151041955865504704857107918530
28 547275723014063017328386881651152277247198631970248508583026137794875621729294964519381601001593751581842220346899476664771142754704490278982329683566104392595047651293701752408
29 93781974929268203637677353831515188327376367363378767002997210811378207807090287335036589388698540173742171030339357438485301329593627453037405237775427429821162328272349243997454439206250676
30 60068433174632140476569098651402487185886035977191994019050939245212429539980076797772131093743401075860979255499174670169971767226234044018854537997432465436108140793421245344507227424009959858992267369468
31 144129369892545522323937597922028025856950411367078682297137895193926855201482733744371546733447007116172405191719710301871571360974721335214102776435935649871992604458794137025033908153232360044950884021664783478935735698
32 1298201690719604162164287074881156571288005544850737541576111590062728997853742818105402562599611300315494799725676025641626319980847307634586917934285595734415138382469483754409623361569526165406359853338400421420956392201011442646924826
33 43980884770652994517433696220924345458727147591581621254010260472453664896401953934041017127665358791916535444103740761908531706784432228102536890170882600125940708456265855774375085509006734945390414719758258156752171847012703991667862533314179905639248
34 5614561098599767171149084506287956680720209137117124185153983968002110478383841523958104166504264609755194135298899142436263455619273665056850161904097757616253706613746367404207592500552262134742498850083436637734739701039974680431287267748774023195386800317085494406252
35 2705511666808393556555351572748167083901789224434431992622825117549877379605046895815238316288564060940282928940381766836973289825321448211718933784725836130067887396200077711275970261538701457892826644363040202130747834814828647330781529109496898070448689398577547250073713949772598224908
36 4929173381989518086382384628005376443900822740949537066649777074579126604783250911355453166051991869616172306503050039211622491741641635807547621238368046906812120552630447625104899574554664895813500958429902266380502692359615714324030853622591004564197865224946443235217660620674015422645033518239599767472
37 34006373946172042924498542971065379615728105737887987727499631122157186750334305155702800084623331482238771887428759336556842473305396985065175153711845462566261165394993862567975870929751597299142615287228718007116444556057330933894128337633479967142888764999277755783744965331486531332874709457910036686626884465022268936624
38 889698392201547265661122884195847133862452893845050865747334581723082375133285334736578706680018478911659504199821363254622308838858917332448203560411203589935569494456826718423013191638087275664167263477547951825196908337891917216713125483901141477149056749703805163685755832543096120819720247401350755522373970057169175754220308167607459980750
39 88394095611437508451786844252134007239602534814438131414156634900127491213289625487753304897635207702337119864126187703863472014872493578413518692474434686794827362909151580505406911234620207740676990265258814787522494234516001304867845544500429379231048948051886037621290667232806189203007203968938557381630890951533653241740805337633714765027586172882744429217180
40 33394345109279923031862944854708262719720360624198905179406688021924091278353057855623851178761622534752207269851544587780813050087933889442736714129582942858696149768956383271267117859198931738610148743669398263338886193683968728389170688988813826988905113546957784502907756473977222947398159021011324240388951289303650181185593524068082611985018198269534003117283172756780610022952790
41 48032464014942398378035044671616273425406938437336302048617859700853608444651649414346407041729660322736220271201778132995057281285234514106310204355730471022664191224300687017533565542161452558778382595555181605583184605444536660668286252091474480944752475323223979155019582242626083033033827681539020124675784160572038469472798787220171979784062693072242790658036191239057205834634153260559324183853304594
42 263345514316571648413263170078732013929116441030502359259305641470334166008806479691599018716127492517914899273052004246160615141881064989823209587444196602540291695833450279718684133607930539775187940409661646725614061292723049308068416453336977333680978859454579397940426392628526034890721732595371532554379926690068102917818849449297241779376030114489087754196611057072596342312679502027043297517500791285485915963338704996488
43 5509835659105882634970439827280651679198233340200869795052718864490145783484792873989444967820637769071646287307905436097882201168125502571444520329789933144265935961455168888172931225078102566478749700786602745219850002545357552729516622093057139206366677089498284052396116942788885321385443336493720351447123875823564679795209464882564420002273656311001269919529738674605322308391045642330545736008221988483239742081937285474244923720263829651866798
44 440395543105801052281882266105614134900991059336376979996731111396989552994499265511860148206143434144645985916008217580129776209777979688626347318780879115221864230939846627597686167813884862860532686816498333685588761823835247844766532236685935827978802924728856038679489442974000445630008230288741843577726879641908111084432374248085092518237025149743332666443438014587603210494075214273786286219902441199213946714909822235529485423804990585592835930677077253406255964024
45 134613154544579921876503440456288535722313640452240326984917459063165980158014170124238744680882869122930420973016870841372572175439190961253050665983594784076849341514400640999604585366122999466186564455727873037781532234472123827616354461958445599158916728050469268890142463317726046630791916900301246713986519959097799684625401278813070598172834823993501937088650179763073231987743520857345246947221424084718736055600456353193975681550071893814612214104350156191331890353367140460772894051421740
