1 2
2 4
3 24
4 242
5 4930
6 239391
7 33119296
8 14617488036
9 21437566561052
10 105692245508828373
11 1764144695165711946074
12 100452465614447758155080354
13 19673896280196875031419405956132
14 13363639882532531449262826284643208004
15 31735529204623744076439066461283497893579070
16 265481517291368974637887197195154217486532114298623
17 7878332409543312856858923712293267718509245112101085606286
18 834725979237439447452188474368946725563638157229789519771765893472
19 317630809474109233244907700334930963973693335544804521513404598885603896688
20 436421823630774226984708289702118855531641959130237658359629556552470109661112474415
21 2175841491099708063089484039822800162875370559804915281692598661662073227881373037595446581176
22 39539626048027556887324454721516894960576293301938440861520749662640078458952109205657363868663116835029
23 2629692980457460528131189418155827134211073132357220192638003718735069629575991547265394482225042522176745820571014
24 642510828670061892260962467677008376355295354733233290105723647220369612802949300020694110474713580377235332797209036517569538
25 578713612836578575196583867391839529131826767701066819933086223053625827295552726199197681775935355642184000272331415394829616109708154058
26 1927716753355090379250763962855494266571827606636119137162164607829210888838770683253549338990013528857639909119354171923323923802537912335539424004264
27 23817903349940224673857775386850087373865362724345256952908532939996332217944622955374428049588887088605507389410171777292493541049947143948822609700896875720269768
28 1094551446028078398850073869358939565437157218948081041812363500833767190465483245821846997039579141927159188821559694476863558498749588317562248834672436307009709002787286015622
29 187563949858534218172462651339507353057363046327501265277737613532063215603994425239590092839775524211045751346016580989887979396505817474736685560054001441179232352577695361992991826523289906
30 120136866349263905825238480226706769324271986703206757767322176833101940887704306741581018949930228967400551024170732274414457524981596429187416043720809326854042498985392943712032578985448996914818473368955
31 288258739785090804374142497314931453587930590389559420472553198538335444811861007254200741211287464936308195741842491578711082249625164158984962624756654175241241347801070361664011941382612185686257785277784229945577536396
32 2596403381439207747811094579579863436226571605745489043021876626604300663667577488205031416499814718514688181203865741169528205151371804500061978691828436827938080595126719416520171707009567321392801586683981523002498893784268296654383813
33 87961769541305983842060629563431177484086640383480823868822544866273437785253566044735227164844851607223087278811540191099139606484008343004177757156280670445746242517368544044853818622647609111972593492672899657829637770093770835721037189418556964099678
34 11229122197199534166374629929963927502495489072907281409840366802957663870500302558362263204401849619126819619437864732427275337400510657305075088231061861337004462545493501698092245891279846481084016674152578160564167461951604512662327946120264196239689223421837539787453
35 5411023333616787090652458751097265219321931799799028615308533333696650331006138165629338133284669506283896754334658302977880867688447710324341649055016080098987749106028377758187628337876502699826716943983890622995517518938822536868414137109089888389724509013051108734361991737222161706228
36 9858346763979036161942722588777178627892872599307801363409577552796462087426431130967023104556978253813958602623337274852890379293017931651840194882933448566148221943630633531376837089327610486014464731368493411318699535916998800115834816010945547870792198023192703713141764721628665298930860915570458538675
37 68012747892344085829280392414172686869693602962904108160397906688834656365228310534506605491559674957419080925736092371891946584164353952989527497649985894679000096971727739424752913953843935579393596210270017005702908324671189378255095469583869224280875176656658822918659843311366620392329256267542907215114689623731356016588
38 1779396784403094531186220272607006095997336575513903104426886059388711944727404496348579117752374160987894105558576529056789980628248659171825018345319858506782737242652037476845857079063115917874994245772160951426685680956719146705940874559520377511640864832026527386310066250993347683601085098687559349549344851670353183090374975292646702918306
39 176788191222875016900014894935461825416356539848415842035158733418824722106092391226036357147199264990432122690831478725369572182892510975375385976653739377176336822059533213545000164394735064571655016377219427676764853947228196983529649438609127070042791684697769218074429970322260107525726703331867001890675809511657151958859108270034441745257722278836723352800136
