0 1
1 1
2 9
3 773
4 12872565
5 18591188894392
6 1015303397880332132695
7 2006943506669869627232430791792
8 148870004307406359229098552180494085417700
9 427548526344388851318876075291587420840143834762159765
10 48735736953431438458141506953720041709152723849117302893053892656157
11 224968075617396589117418467520909484439638768461132775543746359452723530762766938524
12 42757598176052430729401314330002767499780919606333304078311808720618949879505099315949217380581618407
13 339295104802290691791909690185228381145059982838757597368927074775623922731724142491239174327444407263253660980874602349
14 113754504311357936117674836222747411692522805078598606466767789894468714533247754798772680981401106671127253681104443315827624050233537276976
15 1627905702665457768286280414147665146636598789037016896135796701984759928635669161656039687424582219393263639308616446686384334869319925619372520107035877506849753
16 1003294703692345892470841760600365953924719757924811345999993758923477260547788827333837637750928084062809635370364724801261052673986307648468170109120236280891901300426686866652555847707
17 26838979422886925312733222991582376893473721237827935495186367306694674724450697831412728301701168508435434807468948628146015938855942056589527942374938645607669004952708433172608755646222328221776208091769697554
18 31379960144176340438412449817408081021596711606605147987588880651728034018177058880700823415482519061223811789059087769441201202763030164045179255722891165540558011960412854663859429456924265634470405584383882900964522967100300452083513953
19 1613513733498672038773053744859325812327538728687838556242615130404019976902540879719773594128411058819884353866529166798347624107377873146696957386344185150924188547664778965518869427888021788731375821973718880149260343389062073969018704823284806456413772947849814444
20 3668903047766042833450650392541238582594416077626811500242199085517703977090379850394879778992350055514435559509593398255402286943477341368801196436424764958704189707832545818367001036659193773419683550732644645028710527592234113397706018226314141340728022871591145098023576643423058967791923339294
21 370780842233864103361638373165575726279338505243404217878041293805683935511236269069442478784906720532057387967237043172624376128211897751993885367220026243232416974089313325552727906974990707614094903932540191087217567162910946763445113736569437892560242741862002081202045802056601218032742587724913706063364157961143188474434300
22 1672968044654252491468921745432956690971854028424007565988763735431024966284384391223453451333508063057912275040695350197985835999620275277084590941295256733686995082454045306943913552410919637093118221200117622748609147389440374476437901997538228024298741702611185767046125630211536869922271186451198732528533855867449896042541498391517710020165442855111719591596
23 338410456820512788820571779633562022327013199947759115048268783727646201369712964431567176660466462598913841122087840955145474536220138968360340881854004679255016135661545623242680910111596446136755425631410090044456297562291627884124540313670635458391426208785999354088323823904909108349125780772351708184163748289552176924718662425897693091459775045932071555346822665994875218776553737531290986748
24 3080556449718748734602508086765625211215048455485757879920503559177058759047670912083159139239231508463005839775901600748837832078418995712032447387542177114465742652895587533061267627342642166809858186832648345310008307654020130468286396505416216243842868076746907882361425533274545342943242226451045427082264288621224535333818230967589059492811367104311640112737779455384921693882456105779299038988066231940416083738792953599245734867
25 1266348134107700567217680433812365652295029797354834249819507267200051960544542939462520753244319146059326896872377543691048329958084684054518044873334008759958756304713471825559986817103078560392434086493074131873634265833235680975073097280464542563448571373620816946771379468499512799969727646735494432400353714742542835657051712878724912031473547354203004479889567688987984002193821912167051025332137511326417424861013467397103498873121480982912145411240236511271047376658
26 23583402303404342415801679968266463949431412938845331577403142725651237012554137491067795490788974830826675443209726867393860350490387404188088782929737266922405356653920037853155135622785132453034940267159327204661625754942177956852799927381915019375760260712648637701013239659850446488280955959097978984150359179073450229938416376169100857095261863697258414560091558233436796513059764921625981064934620739979503992028532420051606677523324574699358794412673683833343178574181349918116207195406169204431226554967404
27 19956071533431504536192340364091248556261735068909899469595275214405617135094448083667172488909403931299301318424515689822108419114802224049357511849978242496524573707878324341629336366189147654613555753737630798309028445955179118493235505084025479300940756810997961733379063969105045821069559313617441755651856398153108002098548353810315306747628493453404902771092904621760360549161003863827957966631541540487158898803288222134838457677854714829104042033870914819086899847067948231421692883116518998945059653148662507874607620086239148392192059323018297940
28 769398242826035032714606105459143622996641533096935494823060525974098286288604965271811078608722203306398232413185275296493311290434234757154270834543243563643395669351419719026878605320101195910385693616215540826973750536379940127638017418292176137880211771233932230536616338330310161301212312261773567982113278726621129947207629753144552385316523897374073935920509361948954551770038822257204500696059794231175041276555201551618538366547931375087245136829738696209856087256574612672590311200965829896322912251331414749457514888397998734978937219260307674349531198390580875121260563389539837663296081
29 1355013041430890240260488797122210796512758573537609430681810854539656820530370127467952329172614021399316103994668790781772159037955138344718943054414456887233349827071255343098885050069417991770313733833282766934913551074480745858505750208584293511059206725240571827701868628754151950805913275075920757622262730791423586360977732988310806492479563712832984858218428823836896598187049960643106992938234693559145310777481544582384283275134860442712629045664769950194352835881773697213074388080781251593138055413743157915462728681064184740084458867043221956946628026590168542466053737739556256986437234623334417924846415531111903375217205031384433
30 109266070894313845566889213083902803968221138688434614910845901665373973272095719024682329469622716818220645158714378773435800788215767684007668548707410587421987527650021729142064555531197606734496698457793043082688763480433067521969378248977613803806716200724604214067345787514244336782137051310870000665125947467712673637808179074130769352766162621171332955075294716060979331597601949074834255196407503609405448465665772749996288483049881684558495794313113282501018899794313089161304760650701635709992842157758147576247828673910446172832075948667777165056440728195132180728085810877835455106032608733153062927654876209246410402531225932792404615600529714422973252828902534120574912023146052
