0 1
1 1
2 9
3 408
4 332034
5 3327329224
6 382430372929443
7 521184164586987473279
8 8728898357751671813141271503
9 1850296785573740600565249566845514268
10 5085095493754879591102840109774321148107411672
11 184819445887199812520846920949561110945504502827686252918
12 90314399447387310634312204764748951484305676179086791235849575422044
13 601682900835199638255756005727331533053243243152934570617532691799024536152184434
14 55300702574553364966938293299304657462801958363127888063498398452678039701406976090281512819884
15 70841487177580346456231282320448254498618098007687673307884536217177770143690280576472126160457045988478179046
16 1276166602742696033846909965208645887173809089873567983877269577396856120142278122291494279188783578180375395876498023361791356
17 325828619701889397063281020302143672288538909831941181005618902696237681082675930439910048634383986363111356459908251493889775031172141153034396
18 1187254734051155474201031511984703488817514505580242456628202554796220991236014842680650138088973148423127992050950838368005075076516050799865372997318597478287592
19 62123567254531209632096059784570782025543974042993321547759390567752098350809026693554511559936889252109133512893511020312434731441030572978539204861083146515543137564301614462679912
20 46939240245676726891444244021654541008429334139340408026024198488464387172028980651679873755406927792499657944274908100151053222934137584055870295225564989751086520990849694152013649349082100628277635184
21 514703487273468558865475877509881940843509407484584683972919785755097806027922116421385866029563311842676091633796726674290540967843031608832060641833464578289294415224980019608888912656873883866185053069447517697882315330428
22 82279449278347766759547569056843712724383930005026771883317672967247234031898275325396061064620635768029231552866069714109905012943161681914324687800546925328447642034964863911369938447384771620808076541650923295499330722845363482512757597280720580
23 192546360434923962442696682264457044090384075040477776133192351426598159701207662533898335457553960262224621612936889275629383739658685176420882769356424761248472991149206398747263721252491963901899612757443263637327790422074502439412850762367927905614029036901361268520128
24 6621134694439450825186425288160422959338615159404691326048116494293665085106248882089179359670568314756358090116915850917934946106223388439320745136546595170600396059544470168210617101974232780398866107165279641276028195814167925028045159987593441541465359135287938399091014314653661889674716021767
25 3357314147834454758792956991101639125228307984004832453830037461982473197375172262282665045867445479095275369434704145755420253889306750721204821185984369920423633031002806600377131330803047017077231378843869938661687031236062069625658114839229543439058563958226527218565974826651018183906663702574004854796964686935724473019
26 25182847897369345114737656771182828337268015157199383809699931471948418662420752890767814165729735162117560207705164857429478934022681379342196727718505686697020651575236524972682562943649979053946319148193822507348760363205049936649561298745661972400815057196629764455620031229541770920805544542113641972081654480172089891699683347338045921654977230747
27 2802572488564331776513541785520064766307194257002062214330058960972467810295419514848721102729150278257161800433552802464894221089497909443124217896560546083527255625390535518158540641751959687369272599377319540970900693836795533978034341492457264714550427111032973545918123540136866982581038364225825332697305012140559593480701647065450488807836469935671522965634051350078317148110
28 4640238625060044520860464014102590567957853306758272194038018435818937407835893220034147384936256812850704084943303862444637328850557312342405805573461350484937076888951870586364260855002547526266518575210598962591515139767635484856132363382879838965797924824458230991517398624054823536304991237746813023256202614831361006895318610755490587187628978154591650602010466987753316557744491932526059630520032826324920
29 114594513368613803296694354311449687489307446285185069786391475749700262977491671864842303085644767393080397879215937857717009550906482834093347157712850674273800157337074531301177253254147126334007585106228686955993200189447354985817108682252782440277806496174146412744269412703569234570667291892777961327564894353755442224746455790473364099874381533465799571063545619418126417722371332933757257035541121677397776788415669408160262073247470456
30 42311732036919433332877610134738610745608023285783901767349047200043036323785859589932406842816624585060126927859290409511683059636677415246489059356162981691140757164490691017282726135164113351021049834371158577823049605661728866351439848397252264983227493889037473054798051709786585905579269016334737684094344000333876885917103240752142725146184855366802274473804178159836713104644139830552807122430621209824337563605653813394481284607269087088801570710519173578423460581603
31 234097559931832688169969802475250603041043790403800260480893515590916174964436438607875813778663265926893764736501516088477866710270873193606622452182153103365436345834521063119275662100367193825793311179183948847767903540602089480454601561515804401532095686963342045399265075409973655150682234150525831845034424139933014312349598067711015873816343387832718394267112742860352287894849172865016222308081509694980045154842915968350522786483131196463520523764769041106485878207306592230641597910931028430146345587
32 19448064400395571584555499566237324599064378767197627701227935764125537589248568571498016069148817665593014091199293461410904663786048688109066481791770828911198097918276100348359108878208848312279256929352395607955680044456296910639615388307304344368851721450429815474055420137931173140419533221600980850569732526618309417253166536778459524064756342149069034071774085564432615701606923214550033249231435632829846261732889434194685515795318915230448824812454051430876698510726412566824259615006986879497923213002068256168975417742142537237572471
33 24307927956648105490466277943833924508435764239889147700823412480082642827793260636334443731860856476434690369882901128589777498973649599270454031161319432228205345244135431298358063288277730854749966490378453196589157021695286310363775409678855899862807938171786162191354974435638561857918355367300381987299879305473173144371654624748268054224712597319462110596717627639529849813572237614018741067873958735529258217212018984556735099526636240496170981812580743539824251075776044135535531544176130540713336909942942742068717179747848058521575609574090686704796236349293485004063470
34 457940997095189951620949857689214020580426156503988608814191510722029160771667565023576148122338790538411884289647165447121420753179950347405092083724941750499265612490311874447139974317809215879828409690807880873283649866447919300533421218120884584429061587334539841156905913635120567620086890341374067621606579047754377856323726806040699339616622357058559861375721085258912807957092758713579039222509000199958954482039015969522395842100667861304983394686483834330563904142699029595331959321098527337149159881123653988311736644073169430124704082320723374997584414612464499556099856374605214420935011078604736329337888
