0 1
1 1
2 9
3 749
4 7103351
5 2751303005866
6 27652322898323351716
7 7366869213307610923597063972
8 54115411507106367816317351865506779820
9 11308260954207756621186791090352318206730701142842
10 68907599774696257326786747006406146821562575208152728866136232
11 12492734077260477395556718081945154509660480880382287525467560025823560842045
12 68513106085473811463676167324892975886284769663679792789777523872416191832164423531657910946
13 11525723343096144352028836881899051581676938613463752188527546016535487198663731062198283966244187432920207354
14 60186054718406462943959568544846357332767812510193123753921883812041474981133943467795376788217851461432805509232488703554657522
15 9855975558640968941853042359334015591131307886469777499461308922666692568890957987040248988001138208129056371394200509336378137468699768208478715429
16 51067948796078936307503374851237910556507881706007177252808220670550389835579458513720173770797069565842625486329966481966672077549149466033876445704220697477107395922818
17 8438044941592572850215464274248823968144524505277752097186645919191152302200226358057945331911209979427015456953924203643071287247355747528737134244723487441839581311409317457693602273045771061
18 44770360079837303048395342168690843787103894005347857864425824199110995863670492186527279317622273356530453653976505988074289490930466389613016377986547458096661882330832000218692741207897144325709211580488365911308930
19 7675022364161092841887796803240318237603440425610025645772350082735281201038396067575608747856087424107014026341329514569402134761773720118780412198758429531782024557678165427504107548635271715348971481493648503430154422142884965230229635775821
20 42748258140991673000250532862212818557779959605910720021660466197817585407358835764353226766520749328994403599617180841735109545105497868685110417974158030665846447333568245155471996532669388824539926855344235187973202245275324577369962664035250031981652010797686239000543
21 7774654520336597730655332430347618123059941704571998079925557141865423093568309631469620722188364192474397365884718136631833238450259184508089770770220451469689395188574988506474442452089438977460411572726547474553365901507817853499116628612089633741665989570935785063458937780767975228124691170633071
22 46380935532790976721445996319878192936397476234197308225697950696749438536607290302693025008194291897452354675454440303599955856939307132267196892786243978730387159259681102620639248339688005638286148553131992869519898549966868294713367446355562127248718035731060978689793780423023534778820275371049978552572380172191659680710003531
23 9113602860834716680746230926103160019547336234729641759828603565140999682747700419114434495206651982046539950383689440164918725194181087338925359317034184884315273708858122397147131962000660915315156548254292891367161266804087025437570941742584722910532813212631657186970333597885565000033566057249984218403415391195533538873326694555281702709462872186088192119595
24 59207453725099740352332118202279288329304018761855684462222616714997459962903823040627225189081058807409943938470142688522620170893824744386323247154885790856599535451863227746693709079806312263384535529691001414391794598498402715649690754005854730554877315756300505422011834840883030375198850985024514561245356798616177682232511522954359170823544010843202974153973839504128571618470961805269392553
25 12761673688629204568773533958535931210983933728255969413480772769090659367965300752971688536967619247096723487938140071671830227404105943559788131793987306295758684671462205553573862366649014922338607096110481304235147601744448488245337236963096144315241369759543195127297261114508129531365691121113102691704380264715583601921831379765288819483644038584736532901736959864352564644074244097283523996340117267412843118393037695882141167
26 91553448919825570598405178867775290846517839114802831216221630767996300293265647836516626058181907650843133323760931133239294094740263904199954693113635852850494370386082246036513355861766358266276804901258306574317531717180700982266119427877193049322522427936485083431020611124508216242724669896595173030705078804758902959219848952117568094959074073704410648799621438051218254946254776192615873108078911866407866627957294290826315203082664315448056893023361066895982052
27 21926204044213817859310077153801714297713411297672380707271444828022147164894536606865952944985386230872205420698513772597170568069866100354872909362124516638235264791884510096689019345753536264630504712183470383183432853044119779413075157513191551314959443407016093400246622480259730629658159031950030416209017020504657167911417024337249298941708499179565412355827454199361980375072537680920221112806052025787672447516704535889244980741936105130402106335135399340327783193946413509524583686303770573353365888
28 175778664171383006068696410056100030240488631071323528804091437886740273888261470677811241385706308374794299266375909765338549330794273314421256155569048161519479537532988280920745877010394013198862215435575132296174246735106992950606031026990968633128154399063949989519888350213551153614292154786187360643555304113792106702524655832908847650566295490893948437114543514235283095014216530164751947159750824095269788431355403267285162641476813032497027812452992916802610378072106917275888254500553018585069053320914336122106354807829865605793061279040
29 47292408885959689356370498051690964687578050778871580489599826108334570055579645564162536665136697083614279064779750538248120719123712605796233128736041424874996391822785276609055992260889854388613325511768162787808178738968474806641370920075126415281716781804168761771942568845592523367722018795744103474940041133119914646365425630048885527786917254954746150143369706842772995115164385790946898682925846703570357873837766629070723902152688182879327313975782079173727467119833793072254272866717132063968910565788509456957297183021900499751408945103784551462277473567409623073992630247435685
30 428028511633977971821297295487693596660866492847847156894521228976542159533812176874683759843907033579237420063789360344128944060875383296437001097150347953169912431535359984353261808041548908231962506135002749258359351791685171706519458849602649626547510865549775182533822603764037496399479158782170822732495915502698596586736445032093858688969242152693401071683411328135615282729115833161651185757821241754282129249402874318933604596986896263454870048544984053625220846658558823136311420774992489570376947525477827288258072145292921992844635742469621220441459121396239879054482944723208047294036126453933575887885565120548293866652
