0 1
1 1
2 9
3 776
4 16641494
5 66554437475947
6 15541527380770094702979
7 174199002489061828535455911128279
8 95763314593596534914617136274432901605313744
9 2662211720194901602800727694538901692788627310106457203129
10 3836649682849297063219198680520732278762629094600581417945205492877300372
11 292453263526782995463823803281980722094892126816559077168651742775010824104206437447195339
12 1198846766017325427682318083947139622764038818065672219884908995407213808411805283691648354486090265038330887
13 267994971676623495023934295448187329054523263860099879714261559048883765575969233904035194454305138815426532323249120694900092723
14 3305980007226872894531544221216244549868498865040580823402640184577342531912859363208324404274010480907292359026851369089758920477679202474885917925347
15 2273669455487879740571989497036469264886803996513214504351334131203358227751761500538645651525266106246221146446101651253383718010179654265454384012004659358098922161683356765
16 87958326719819857828848821442396621808001646048278472241130824042699573036732351363477553837966879090511077781143906398657529435043952989295111603433774036010543798603794666025627833992332973882078883
17 192907310832817903703386004129304816558834249028415166767040527310726508466388043784175092240941557228899550655510340528220504023382807856448891121604125776523972122697525469102218359971057004042275895699417294315924119623929648
18 24152006752158997612791777332736376312180530432528777531095105004649771761854212897207622723114241396624467570642858991258079582209690299695386401242542861110771873638058575160809095960903857895961463585973209330725759758280041746708871260523560776162872750
19 173690289178040548398280952873695045302064401742993023169504099919158651446157184479286728485924205709025087216087462016691359676025106675659527179723399261323899501386786138261006554796013747743950482114687450783992219925889993507002589531472669717316806463872773948936828969080183966082
20 72148123428571509165391499535989597555098081163132578233580700298392440911610154084610449931637875593137549028817709506695166311697842145217553833119949389508116035192845893665449552713267085610810380314590012392184627771156272255724837766276009313354801015501784749385579767305369923087825673938124387625996963985627512
21 1739706222305719961533396773708594218962068688010317064646056188276212104575476094682706485805994093060712080661676516371761135818632085069459945578657045408752311703893326217421697890651590047373638424388617007207565622437009261613921763090877801831822524847429576444017722162950654296435985936371466523322769545744947261516870895654011787197591156457715
22 2446245252368903784468273746324613994569368112711863692006903857615646872626543094223606092960765336413667452575600826234130237667824511481640713949407284718902371739326847717745195748087538311264405619495406163807824438856370748974158802649259851835442783618502718661625259757329072434895121010842423658401689449742824957256588778252663022842888489274150747020739535444493809200399812420750
23 201415894029840217546280449133310096368186245054728526461540301187175969654516543422819200245891725799035708774419596233171614962831199010963000485843727236181061429528584432508484035671089768393116215273534006279049533711817855320758932729809605015301483530313759123327102160864723879325072327521488793475768752850451438256779024399999086639098290390086623297575850211731899900592062841398202396020278289332445286845805056472598
24 974766608440475701231027346233140053765361266093898979043293120678314411617662443581499381794935083394124816422091717485538140322946725615894157308323695633860321143555953317287850906087478021439421490578713882342113032577930170488069699616501852326891381788597423595277433847377319213927347314594319938203937360053316584611021223070364295794689939150777379564996012076995114334401114230105558954808916215391904643212124482128488748297418356654992888292558543652757397
25 278246678564696556555553145990057537434269690492269545031149889642568400234239078685986579300988437158033662488925823701327557678948530418697862443499851745559038673932885746162080608848656365777992227380450984830747689881509277161759674166111558661852966599866681832148416648174217874845026625611444398802184414151801261052039529925844072828286041105715684796209395678329037381333720088183373477337243516461369497235853740860390738265185828183230577528422942582178196983704270524728226795845269813895493823543
26 4699726982065799113884070746714126327405557752159842928789340099031595051844475102297891413547673724495140801234763557848903399731981129519613528725463842592541727169473378658165276469798907868748246100612438206280790515392941964242527692817761760859054029559180563639114490580204818827167371232823752655411833489936338394257253491725130648805356266186715867579434858704056232612535264823678198459606239983775313409922671450635538625603237415567559046834872101366543344969294452354414040473320164414720832908046202544699674568913199067427764172490928400
27 4711014183331542126041228091356084727261897337610450992017881405485343624976518892959397814841367419925622266003119137254434490451715746565259457258390411880392996401420276117340503236091916053251639168818909531075833055451259010620713566013982673836611374670796157296884442013405472251047288248380607548115087123792308881681437711405208575407584692431112406080195097021349632622116937409503602346762688709623909261021558483787291857570957140209281509172427094659981863267955006126774079752244806299710389954266608184874530890294442955587696914992672018467693498887945839325204185233800512201160455
28 281026732344006337628789454471644522308761913676107228560028919020782875135420171967682362348687093127448319742884927488123347952927481458636617992822025707591531088459455155547461269094773320264402322384123875206558049558024981472397941316169158790259285962842416949963899576688156473399113172716175752165702814434324425158530463858252293977554186261361182639825858505594063727637046567458129478615560812201006209882924347337555267655530803966136757564629289504047421277380845401704005637946070450200647640008095588356870116393214887158019313908919070508067743240926206433514182162057322269910639686328449847127974127231814106454503732103969756
29 1000186288136568664966761683686941651898492882093424746748807288365362653266225426911457131366609487739824469897067033321440165166740419476810688607389965588349545811834367820302900050626362511702676436199573505743586090063494536314682573973276513596270664417492791952160159509969582862716366885608026283819643937758594353277454395084362770449234040942757279462577273292505970463016739517442639305866172118138020075876529301134076102831760788671024440504748930150282411915144590417643928690656155164405870292556123509394930814763612873267288331743400787214821477712873646681059387057740362599209623806816079865552506825900973801323638914021446865329401378005215809111199682416096555397184840371
30 212886253695068965714660518728046089234263831467387768293241538829831287172306558494745069150336503040358792209832904025851780927334066670333092348985960413365948943830947079414097628433315043847891933646325483727551591765268163352531182431616734872946900332953631417612793397301625369715859448040868002469153213490378642927577720081561802759725372973926107879023826277280895890836589938245467971180272547497327000102212940019840772157087078485724448375457485914758427335172187887561212274888591103629678419847262006057748269014668002775191631528523612112782164276844208395657038107330595319302672012851601575159256487099784906966888139942935779037589005399763813612615646651055257944708011409657485502490019536258148619820476248101242639458539
