0 1
1 9
2 1701
3 10865205
4 3223155968811
5 49871029909245781491
6 43460016875695276108491159279
7 2254372634250117773973027448098778962279
8 7252372830439610560387220475713321003653570924839924
9 1493197587365241166689220567691206411606485768307602552950789523519
10 20170882029157663379701247752079647785922396777287359176013973408698333576671888908
11 18240309688341572687568099028743154324211850986456084596085344118511934367650813423510677635548104627
12 1122657885832985469270077710122537962264851263904248625653753981968752081031677224183295436789798309248843973588331675228
13 4768957614074981098298281344161638904343289058559131293309945343400416379501777032572946931331290153344787559863909595093788145326092655366489
14 1414865464399451119131415658931158188845102916476517814987118488698572439069874051781656038560104059267389484419677215300001602423905367874599266665181594033993855228
15 29618659673618973291668969495240133598845704728454404171268828995969792986408478223630069436059471622978718326517541147894188864482058981469327065752845428825799074961169441025694615741052081
16 44141107855887681689372895694776590505213904001835317403717850296128882283342010453159322693004907563498037009826829497346195162401840275448720823132382015051492194729676742131819634216627066124329116344533763614471226
17 4720067372632456116394501180338708552886613679848689123849632198511393316293746006736314684265586029154698866311563454210376965355597175465474472625327878334457444338587578720520884139497026085888237088604716718624190806443112189884412932646594075
18 36466242678221451109833265043835273129931697414369254140180544891782419171950299510390059188632465839477199690307313866666689716754121728931700145317794680604127682435251104697906631985411276375709087722782575157314524500510496755283474067673529017332509500495490119143921199225
19 20481259735787140048719459750453789457924419291680065900618447058928154781921084398651739778483190117855521963976647774619891609081243848330130245814194395204641689218011743181517938400763824049005630274114215038357302582266606214236444371360300561708011679890160021438938143984109534523238694451083462162841899
20 840919729577186768874404159933835549667338469246087996710398167400653733472541879530647677708172903930802760251242143309763357699676513912520498172314170156140603319629788232817367535836042766291673047621462313910084597363361746993240831700407355813120136494534688491162684804506149397915949565587794563967015978220315987917457476308800177171397
21 2536640017555761220410534749438529068104712560602112510725545333398545699415631281059580214693793658823110762426718677746887039785055762312613603531705536904341403902356038476459439126317569511503317482426832894327711101839504680882300832337416838424520008122243479075236924887032437393781624989748442713743878568063122450613852821909364023331566740082420273354305052535786982904046
22 564730682037038544924186948428573115196639998941073192558411558765662453986057875822885490160821027152163632966750345160650912052445438982849552614518388932967072531811036784129813507759856104557662580317238615115476583040206932055358219955389225930477943551083642904221246374190768361240653030684375596157890861835618200607370942117627612914249842238510806889173633176482208343271166725906243566776882149229477046441747
23 9317483589037047906948618320485014020690159922593754786871626126726080826142219229239578690854687865924522729801657215884315204143326934414241448391589084271434322208078176888870977122543550515027837860059535254634430768130624323681429202972220396159298495431849640090255215965501596308333246649528031837473845533529580967641449135594980599091461452700332977383440159021536976629952010550953775025900436586738683721500072194361435594068571803165069994489020535
24 11435998684411476199523790205411626842906388585614557360491339025385056944132111199640764001779615071785394447445357184301217315626512027691744701159253166800779163292276817957786784727408673257935201572675126040636219441062800982689997598165801192493877670829028049227152238397451333917655151721184762763824045732357036408458798684299665604998236195986134913077561651780382354027521633607756624771702343140620161035681828289205433225891008921386177866209218495894556673372168278396102181370849811590978
25 1047796737611827534563733065922005196316698733915807736631143650743949294229394119431321467913922561033531537396408112291518335827800349796879343146776170452806743045435521390956656548806868327238093843218843908736113303496223276867789150931136699482753723900898129585082276787761400289489800761808617903680508667506343592626448935320244411318454701830784133627874374866544248241115427057223514724495258309279693888232823376527996709745203457707896399211405630783390995561784711153739871192724090821487318228040560205518461464289189411608555502309
26 7189494029220800795667197709594118629082864954326473766803192990288960857115228849371370553260641603984527392708004044721689090252341050288865333045636992476668290713540192445745412127770641380833118466628391817353067094302467658070824287213130242395419754434043370651819028393935126046128130294141013613764463962529966284238842432455073229544776903171501858287755065052435790266176398148131021154879638176543469103431831482013153336610929038887288820028822772964169406890291148822480476598012564540700753947962262544284551155481450680991508226050164014470501633654179248351142698774699926690
27 3705303608097414940293267428221594970600140872273798074113950646836495452672193109375909649235354165061926402017605885883310096409370185864107699625443959179385404933142541829726592007746771626911225617739672727925181220088003706970820131477306928485817397524164021139521275859564089625887986702921154383940328951287396800223021952294444484324098888139052632398857640115285415086341198013140217106191365504661853388566188620721658413900909924741741575730826429866306431768182731630920487493178501341751093135925980604148099261750637965332202568865140529203876905106147096955972088712205350707105955251861018982550721902410970390330647493967
28 143828766477174260202013187491834929774128239432187354143249299207001704269392130458193814098554845954677607422489734988861971398450132047851385568378925384072440112641646816751145401295425774670723700531627014535051897418490629624043694227147387272335939470746572917606081853810978443868807912114272233348076976594893364732245202768905232997210238742887172939270434811384845017576261776933275326554498163679982226471899044081449078486282821628560059554358409408138739105333401974709742430057375089487612756696185365890414977419065469018886639118998206398735788043781233686008692512455052200551450468283245613704788957665455735066864162423150025231929438939214572342339181501167116085188229
29 421573009438221215880043894121341981799472093280243009573934955029199666778288168073817478434561680225461931603575831553863607826659570012416674120603803333924360011138814245216619136426540329150016023291112855332582559428525896224306447682311088905024518759416414258710823644203568507713963776779720199009417285929598339251343679213809574455159214328345218090083531498471644980927383089345489276801298773655392505536969924096538633485881208148480655874985160378663075554561918272993709118999140331486783733390947043914241149464842778962671464474813074109214915648562566460401765006470829220616424846667434844836170614011794417680191755200373495476188605471433132560217372863266742622452135167286534458625396326630907750229905274002569267525
30 93527288904494721787019829889533227759661675422368922157726526470804435143326055984931119644214452176770611357535482706564617844009283878275304671905906219690531911946102255522898396666034408379879004262406045025304958788714767658981283622266602681030958043461165806651105563329936131920644803775749156611721970811742192739464620722926369943175335659985138227030503081073938526794591512169992760468972474833242284999420183096219887155434413478678592063463513843388624324753923126290470597105801459448087243117096468495033858925768393038963259876276078900877310984635398753496169830481602148743751576309142404768057975776625196522114110732223873439077742629631388249121149679404893069127605330726774151836277615671529631262981722545642831824821244651284786924952099203174699598380675761860380531
31 1574011980603587336085464403329020740210258421266655894201875843827697553057447861003587074769374357687505025644680063620646860830185784931793757794420977291473183673992426370646519878295978772717701361050058460497654122428059796699221058998014162507511924123601523955149176831054483568547979143186551458908200260560037242830632208071679895735073100267343117219009053261336544840250214952406431701654714322253569621512759826124093783887480924352618880175181479393100925239598790258840186499178800319018774627764736564605325999625969822578816597918338731666213671585450699364808156485497416352523182316605738202326497108476051610688390658653403539129168446898100150428714317776811871596437764643373874607157819416885140232562559214023252843434954703659598594854275040041691423664668203799276274531736310147798334664536348616831116190686842888514720856
32 2013660132257831740606923402238799002084567998903286400971265679479034067558896258055335248947422527695978365860601852433532483158786416382742150002002451672476101864810952120257283684655104351076116890264868544322405568724033830667472032336082174579383489043990172320619501094244304425280345812301034561464854277038541551531726378754955320244942089255513459231481266321179153090280514658665244874142436913721149467700046753058038592061710801290367737451300598707337700075709581538756017515475463688162168055284097592688522029530828369344667892551508608774298615068332712215384724704455294372258529505514933914127141920831822007542929189640222389773546037253713836052082408441947003301040402052325093938708714725184373781247651017633302225175768305532400181597675438650775093490068172768639868049145689284389931390714120743584858991086352569616316395419907688506799293895784048391153545892631523571774531418
