0 1
1 1
2 9
3 777
4 18440339
5 231280499976758
6 539715253083968402103527
7 108574780652301782853133061629130295
8 1695151209057921251767407650132588390723525400990
9 2092720405023878686565298507009041542115651993258636289578413793
10 209271896111275753120260715655716981464885055724802917074663189240238496442187879
11 1729519773201474325456213850064526845309679673799193997448366838123446331246104236254778556250814251
12 1201055396793010818056197749778484717936503181276802168030670788661977285307402112596778847785477536275137749339433643446
13 71068366665834959201907835713205493430007045326627554772257364855369433669389579153360337253874099913157577052849839522949775149755116754435033
14 362593707473752568547637967495687932705890970939767544782680888650323533667766163804062583638775428525225077098409990273992970482832326355468769478533848451066236289274
15 161152758876963907123619674565074477822505656951720202767544712456592050910229290789816356260382490768545555233399525193920327993692528216531553639457225709537541480188857922581493671279900604610
16 6295029643630231746458307803491391011310405554143892273599680972263212664142256711080906017222266503205189519156039913066757548033287027210760079283477864108257535363104055642319864994707887423227689602290095950318304852652
17 21782109493529750132274904199947220046267111438372777084230304898546959646131078930996121903496256095152862322829674380892054991085601621544901668593697304355251762403035213510960727711296358087448005492730414754399356615401734253221717920181293579311751
18 6722873300472128873537835407050773716222879382476857456501211976187719406684769171127700506008105332164201432766109490102225959019644529347153023769075256154834136072427011235476262459081264057567853491508661922661293495143391845399076799903442412662288885331939852336107762026719062749
19 186229177298396871087558790545677219534359607592817149145446496950953943889657661444481779546941618925653112439847251495493863824500853097452690492245964925074890301055598496074739724546639777737200129455009191640793381378014149332222722512145274605790798427865978448876214719356009855964464747630744716480144609256263921
20 465572943245992163565479501686017542651391062994019557255346616360488910279405822027678413995691271391221687583750735816733700168325510914241659493748162447804835957942723583693725137588018160249557060352806913138090536108086654579798453712348239595571180043228783472773468214614180520414904674780838950030536645792365037564646589951346248163980777682764368
21 105572095974147882537832869277678881673160303154223921450975885957931586445796360648821183135270550527133947463671269516234754199829783334393518412950564215374150968004396156496937523505082858589338448743834444078423862015799539777406135187078282784811358445211612515474551282242389315839845090693459558632672152440587617398435294207797357387421941475621647166330545473220202673563276965556981427
22 2181241652358427324346488012449223196959762278681366489236016948020729518330619959383923081558698392836205569132089536030934485862259142549374170201069972395836108112337643073879876383430766335510162498802921605560697022012653699943527196066638508913783959974297144705896093916091709713807737735302556906550347527483813127070343824959879165844628705364446902442969621482747204460478122433763936209504224904432695930104071816359952461293
23 4123330155687008174398396466675231562805705018287865908917198251894940227954250316690132832047235955779971057101796804244903578566991246576322864223690406548068696381814165031066074155163326750148299521059810219318228146672919288928549683964675414900818666469574952317922589064478875006478690958935556034508176978951159533497253675333891999164870132505124165840817283105692784953738508848477412641627852485486346898807873368868207534646405362351168483048163132617366595871961568
24 715855929806772252496494530266214328116836575987118422264077121279829541087058651183522549516690686239869089763703588720428504729934111070020860405165376766626479326006470646620718288620500995109012966429965857453246107624710181075617031550992252713926621089545303831453293115856402955884393020525936382021561169846874897325783446648201649650581413452289166793457362378808232502963511851305429551871065755812065005528869524604502482906359499340729094808943658566314781431067533704235092181077324075467209107890475830419567
25 11453694876908356039938277266379990338697648889434563188804155811214581461775631063501250843152514644118963815796380321297179656673107322580632581682013809020312993291569889059487589625044433646368767020743724166115510847951152146004060357374921456978544039521852640656417565956829458092313052112507903326324089306334620679703382815493182457834571215705252475525865240761725439541400180349257189273230963900993624238048456184757664397038039562134985884529963245919947957220639859033990383981364337644016073900937992119672483613771700272904497225340780028512004361634039
26 16943335616728337337185894221455733345635371597633366644449657363416430907593115885788804745009008537795369057478532616303297775506662023315430403927168427258143813996283751856773250210452556291260147247969936965773581544138093801161576101684620284727511309430610471809711197540250371623069693161475695994190480501230558469378817910449084219838548747905821917950204694346926037004683218632913062057805211592276958491469802742888718681159145162317046131838340546150011648380594549023089941195735911189512032305129577678686177854381374128635464376115474739775289281436134807403876968889573629377155869694800317489322769
27 2324188699139689621013140738545381008880039859616178197284144753299361734625139206585876448242454005126689433660360052375916115690120292551518116355252922464975879016483728204910120979620612212725426974164854877203270931214843063209425781487620295438918292586271356041902316396382169410864967360577359202252892405280224965240074257160782571407047666842080840144081475951413469672826794058935208366158087289777892796198839089236401089095129606467607143159319145266354799999130022860139400932968784601269497839204240595737702635149949562488391731083003632957048498831417392381685359713979465132156251112108909256782595087160463185446445107706992075578608004055848107435
28 29645264019638898227208409217775253415541597665271309647926065231511520438934696586456450992366385478769154984907373201601371678292144801087856018424528509707634947012558764087859475145427417083885699038516750604948763676032036160548608757683409776915810086832502457612028749602068491225477081023865030613112570173375439148878947764200614896900662054185628269204160277123484943942669297985123349309023808175278758202755940302501566712725534187832581206380088849913603125812569436589851664053106663308771383848885443618506474406648437226962937264607235196167438715034436929637732395641536573087359875557263066442415442170453358043473672762570587161629454229624196451813664997431760222229076044238802225111903098234875442
29 35250016670200830234492755311905870832709566341550273557008213041035357383621416130598798883458790610832335747380673788564255569041117475730215569049036759183397108334921741946606937179832471562438581109198214365831786795194924979185938998801162479499163726043345487125849954370294506466758598807496283703613232278324892244290081600812903437833082672829002365897624371592227477134670983480335224723353611170698707002416465985824974141605563693141478909998668857336022922748340994442843953072455076278809685004230193276715718129732388138762538848205517239847007180935827200280689578678321785205693653757362013687124756405548461022260482095490407455695748925316015418775660400564030168356640385777089194621069212515210934467184914842530466594066486158659195222602167386841731
30 3916668518911203359388083895149249997083727460164193515074822379391584587081186472291305598523443104150982448024919518568665377212816131539873287271514336347746269059754849653868909129748876533669095829131043848713184296920152315372699368750116138032373119927136455931350221173886295289141694577098125968852405883218208869504312827032786576458167103216147104923571750057942457080208580141700007423851203115588476880022605793265558452908241715170281879940666115466282807953525364330263534556074071293739687788186857073398425148175703480833457349660864053234771699133299480020697648891252455894460500490081014703290926287066816731993939446392791149299616145512263889998994432015094129505797365223390347237639851208097476715875053455363167688857849826484890964946979413006930474134555462700872785696401239410692251454287526321544555
