0 1
1 1
2 8
3 139
4 15412
5 10805764
6 50459685390
7 1601741458883376
8 355089431048672347272
9 563306081052639719480623715
10 6532991278768207315727662508956920
11 564259839851988012635404101255119945332425
12 368759675849515285894392091271956490586673272192738
13 1848513672424777740159763784740723567575626740964614750300199
14 71914174142821790768563489462241123537198621089284691565311781761733526
15 21935028119887467518080308499651960224397444151784265808474000746431687899361188034
16 52924064695359523405405726159936856074016952824597211328615533732919045676560068834624621724098
17 1018017510100797777780398961252896229118279875750972977839860910095845068187829840677094062752364468967868940
18 157200376295358410348613991157052431203303805105260821571628679469213212593703899039342350153280909003614658560600550082462
19 196079679683704790895631331890133308616902616962782524851073265922390140553620081663951367797606849482451043367124349164717266224456128187
20 1986558922709202574989778960804218511696508089503127181340836104374994121007461442769059235055458055454315822892749567477287547186042906413072138646761008
21 164298756017645861885481770316963209272225930451154483378202103308475796431382037684828649041078815640702375617432020301203007434404747550838350173656136011070971196503022
22 111430186003277023443846234371291826775598581622248381587719140967067523579054265310492549872277298020740774182304413892917510757300695160365618456628569789381488936771986242886849868166288
23 622305503451082096507444518182070503965058234076352227804770176358776321360585847078982284620950139604942027537208980468929416583164591196467037175856822545136584601716161903929371636579616731275434183723931
24 28726328904903660699414464706912490197313797287771850131906052084200247564147310491960461612711029108949806611378017200035206728386071469696053758253970378469399875461703027340341329009934948246356523614198590566201761442107216
25 10998705967414471765548253124073060566534852876902927096598638548066406087204014067807238504367287619472391175781313688137055171084806034840644480391901947455494103044072122567252302301122414063653391702523985944821558088058546158581917071561055107
26 35041193244004023919947845300753589595551501374715343677492343346915218997209237587198576175252424783156342753595069418429759822176174144206841201884430655217872392006066361601937700860919081621821228340372205057361746069188847758168130875496226100479639460300032148616
27 931703781928696850936180391271888858209725107593341926930717289972381072512473435077616459668537241742319484538776018886309677219603386256343612112486905451509094601967151774444163798769601968757190155147666679220230265137124484151802101221023991391231962382782217133228654581481505833423876
28 207315037808779402949576308513184492293066517597930021665046220313345697501531895344607380451490355400633582071114819806208880373620698187980274454967482479188892818568829512530971161754354247343309302526843474631800651605937839199165820169129599062000313834848063971414600389222783194994231413328450187939639075490
29 387031513647683707699794417381491447206237835812739919632150949869507231743584871209103210839719595052272956811083204226212602134704108196377433745606302741640695279714703667529150846752727297087714769007429624810349814046766970188595185256631311962747408746393067058985062711629762198986454220607739391287201511860748533892092564046318437
30 6076560797189137547907301223223230843149330303555442200967145305470630008534865952111627318380223373844365798051423174854613706827977080802425419639661240804240954956280133334094477492864043714752946709216432562063963651670314471055513882460881927631740669576120352683277975859835142833106885601193745608920859805736082733600376634847177915916173462330036292716478
31 804138763335852415546697330933244114417073963442690493938248847439428628790819860738173164712272261117014411315895681776467483478112009632593082761047934080729347771435970159528619331467574223607006194367709592737072331709925224069558578973574990308897034395251582004076094214236602989669550903407345664630739945133238463171832560643418711070965870274271282230735455463939377416041267606292
32 898814538064344765416929861714622568030071729833266527436281906527705212137072856139907652864967640379964553352109718064392308897103822026296447443019087460674207576431751612979753077461733644030218788944679530472354734908544978142188189663374654480398588780402095600359212429738045263790304040199144886251094580384945617775283351135764332207126246044320025976100331356458232164959708744741544624807307200815074423528
33 8502052167477033829033503846940705637069606463747840372407576857019202340032861712748015663583033512831386569513796224705123081774105896780559757369017230333721849716311372518139794390031979309957007122921553443170189256885415893242095341040451027598811616346359110124586586667973481869733865734379780285322117100039318856218766539417447916382753638113901360791281878152619219408203909117042374997802574106936075836022847221121823440828698931557
34 681851809776920671729553708935492059687111907372460410730786724476544822730980782890707785256376539350064936316121197556935956835376285387802272781168834274007481534706690747117993655259425780328735287414990968523685577731181844418478227626425301467120532494113512299849074315513309048485932742963500304559014097025243171827971314606306440209157399725553464353013756651471115026114009564518733803975621535876631524067254041356848043327659309598491082233113514492345525799996
35 464430234349014787138310484482372305151499239952469838797895030112776300972565636596671403134330508028736157683802151123274541904803119466148575942032779577769764794621889263004292917781082675517746750723603949900368486085185362704308687504891454503834196593627078408369592568232492665130872446645112363393245889410714289677174860564791634756585442295061797518203389143061932479665089321919763926100401879758426521989020075787162680323274995700946473262974369819455618021729315944501555505228376988059024
36 2691067356009304998198903765392693512434799969450175851020076394186939887013706901236144874988746465152855166208296365493814435922634522684770458887991002531183852034237752142299130500379876480640278157633412549727753532855867051706749637241900209352416952437391054678361357403782493482376330138980917215257737722342118819537113326137392891665274793019869590674890634813972220750390204508233832973860921206163051453473655991143862609990758763508475603567967223976364149285009312479311756045685414406076354486602176702969233018751125576
37 132853412560672821887571154703051777525666538686070854417975402026478614081687523237844755214427793319248907050189802713229384492455783990650260854573530030940107807914968098935992629911779503812982824578510566398164293460253694563791410540998290939458983373009496023156192670198790597998431076839663168153580405218179564709172420828846333524304092118404081787647146942232482796665198328516366395242768694696946745334670736045625685356253791426355005857447907058447950435226566466019574060241397309052820207852717620287814078859344711538173487123323164511193828129723
38 55962824442546918990615223312935641454767463883995378779093843076150882143835782715588209704627618331028467327623826235842523206439499058369013965758208323867784043498782468983845497891882669431079992516961202129181304309610837740511679614654284626025834315101134866940674527337809844059519437912014604331028628765852144367628508167910982644021271430767513654792016657981785238414480951876125017745482041613399793593064013630509763382673221727600563024223195387225012674567369125761403767271229249241982334891892076148882354336025141735617582225958594881194842255846299749488050808022561849625113782
39 201422055946950116980709847640749379207112490173555229254201207028818588476941068569436723163324321087272711770259982837886395141282242386075799151439809316330115349695083957263614604762834578108224205283795858096111940948395389039246216496836946051611065609940225013286089686143604738629763479097665052930754845373701879212918704304013248947373666350364963454754719685106559037307225405006860509884614327642944244242830017751692871248408238797352825568033823018583839375778516527120101292947621151368998899953270489593440560759933227053662426928615295260960686893671180300031390707856181747791431032407144658534238462333128705343829
40 6202491314114496581790487807978257948428405031017540512815197763902191462682090163425342068581180909528714642976038615401715409828524696419993413167693072120390359330900195637969827025181946197140813005630354040702928921760557348120493283348074599989652205454707148584883579397688505701893377831982684974678677870800485989730582804525464204438645575145183976905082436873478825834570670599317373580462976194576076788303012786535817521971409749619400965950178021486426734819890639888270440433561943047280324867303578263678488737117351381118470914539458053701772699948016578475644118288560196658029586686110187438364797633656079078664571459342760513727750359825972458220
41 1636138573334762330170958067996947986359918682791150344287676205175981554545823230320984049849388301476560411684934613401090941885525056972520819545101710434646675982910629541779402596367705580131510599340931111860753016298447365061285830797212720990259345963768442197351710715352043909241494827631361350333376099846403228032728623349181914096316398681861989083317389944178106473161991808077346171518959588790762168954232322887137546637299367899682510427030651975018877073816176377625750715600153429406339562826087110257208525609722509713847681860085320439231878490463413814445378734855263732060886611761791570788451307073681755158316450816962590748801525179703280280188506850103332487440078234030607674
42 3701567254351058966160831650150563358341604106070964919856137217373606716489852915319042519882410835172433757171809169729713362058231185300930590193006848054366605252343375800949953413507059027591555733119438798806762498784201554184129916147127379202900081766727925801287247801362127965442682227523934094188509486485850587183100793152531073812429834886738316132583028353610307894407889706144080117064597959059941946910235984812938530774337700680221722185550504011058281561133805319259065146613292782439942986849994328011829409178148797257333277630362387376381480335457311577133426225038364527497262172093426483283150158964469828928729341866694390033212727745269140497061437820382116982423135791103769267334840440166456224982333744577772277
43 71904386401285769533211408330694639052043516896966812317983651741217061332413880128626868366349272807947836035565305059558586712831049117272879704946953190264886292125818018063812912050270430749327353389581944055900552541423116400122232256839404710422148132615824382316868417257216627503987377890218467037021522562084961192002145220018547462294466914259000570797221863813257966944385709665610984092415788408472589960558586799974972351253399785767226657006074823462576942299629946616642735648944366581978133083749616721031903341122874343203112120333954549067860425538553906880966073766980897665255543924428271631230626357386169659021172964633635774486447103711965247593072187062127393027275354684892997422048054200249276762204320770589868655447820866069348856998976601542173706
44 12006023586167044129919247248784525931010405394150650895358904237786431585633365319781867578772209449110931628902798284538669624508235388972447152579569069591689702244730071002809438192019834997525485800446528263777270856411491198713529411023270266381601999668442960664727646012281157854179972303567234146867015494909906857506458653354303535475841037783912140324533936616886116095451404480462256703146702549328110657085244020069376591357721611518483630636297286189734296634500124244820396087948431201537356437316907220437200467237479242737273665317867645834649433854045876632015842063806087585451779983899951194226156147173962591390898568299927977132601346819567131318575294455689951870156286552262604111373406468432347000548621513973731945081008730159587887791427568314705487535337257816197189948738078292997106278
