0 1
1 1
2 9
3 649
4 2283123
5 173636442196
6 234378355489344704
7 5830719097591168695360621
8 2779203181367458204944451774688032
9 26174539685600184383643311230836752183522328
10 4992259182572292655057303928366260085844535079288641049
11 19673372766069402951995309528624921904356955700659353506995592385572
12 1628642204917496344152530005926282107151785428219494084100044601362521933826045149
13 2872029586103486897959258090850304990890003112769826902619099513858303988574527153738631416778274
14 109174927609624682778660470087543132461130174058988969139755208333101768028683482027993333975801626777222355923963
15 90379619851222752541202689078799092688613169603710228453251378603070202452605984297214810529286963870726219738699490677428411371658
16 1643995699331755704038275774041246336744266631730975042648233804147658761485988510628291772653322533487766335642773437390545190274397315430752475576282
17 662236291304535439638722330038062690323321144609293138408593206401317205442621860730606917481944427693222653425001182945196238865685098932577023102081554885975162851094954
18 5948645907129017519042748553321534161609555119315393315492926036491558287618810528047069414356926294570937029942329498751529839386969875895199612116003432332421744144241376980103847776684496121
19 1198950013278687102281648967164888757849849472283052606065369798542159127593983169578600125794874805912073568312039406880716573498218541290769026885069138956932330061303734082398988647634814942811210000814304514867459
20 5452193423761702763377926150213135167026793089098899621649579295263225093236954561426517964291606282035096013718154736100784791360006962174328828001953077956605966055740556493723401057416442212767672613743605252545841901375968816486464259181
21 562215536500802668933497096871700023272620623225442151663421182370486438702074946178907297683099599223617121793114733415087102062073836326115015656505438195179285300441848689857273159915787671597816097515663489764193806203123196612473524188926790294240947347435929749
22 1320588976501944924263079328151262876031667059933388916264291167148844511203702261091317315656720437480015567419791474109547309112731119181708832574844629826210960845278086544717235771191386496985417453088430527947242741385686658437567509078197874319203524973819688815588707489056037825543930653
23 70951599559786813393155776491721429097061883043138156122954846394853782366756686164606922199487036956225072405710633670173048899037734921547463473430390164822392766191320537340828579131654275994102862172577157809954283716667798025613641637470666222462800089999168427342016161854910078085214157079740568980551102759818407188
24 87524554961396474667356554389604647944840545718311101690493198527025535734175708237828032019905482472708852205809538512013814977461545866236888241786953612373278354386192415176336146145147501173983326828809652593811750657134687037980902682057460999840528010554562342128714364564164831497281471121661924184098589971907159797775597600689341158785569375642
25 2487597469138218011455119078104776471414075302009772873118622768323706781952314513861018790317599911991423438466800575208291261304100503800742972567372165869518075358277718916484020296956039906966035975725609701843780719160536621413886968861915626019708809476718376674580768868429936122087312907075203923193749174734421276512823553280440995788188476862778947920598144365974792429216996
26 1634194074696161270367645905664464354509932995647940756379868471375343461593594959348213605100492879896994944109119850514252141836003014155569131983662269914777693620997198981560445578295317850124670083673681018735035848497567909142158622552031199738008005088845299146317159497578846174789882315688643731834150234782608954667921901480365725293942275397992640137248847890671564702875871296468383721314156172173138821661
27 24887789964796715232149511895005670750806611236939901745097365499613983437798552813268886129380581924101553536245030744810226256909778177974893006810463019945507227799215783319610848846209734719688778617420421439608648438640230597959812230997446433499069622506555017286265494234540593001277902496558654115918311949828150590623643217061416754109460916940058086684395167097169050008962152239510541551272091566781394787527395069130462182371158754453690804
28 8810904799410786148216197225590047416795116998812119544732462301715508734409781010871205343112510893807576419871360390789789314932976495923284415041491113203484137324553453104390379417989081675814072113561332245237985312775672613355876501799051859021287025664188354307370689012825258135586552901372406042753820717466076506605110737377883595854845144858335275602485319923966431268082294120964301871455130348089702383178062384769887569356985344004363635331787264053696874020879506258724101
29 72696710583279957061688537462380932778298520295840417208143068035279832884893897776452824281994311594071105415242638922657706276994492997514009768888804165567516187133257671400182953534629998539046305094250869496031963283077127659126062932790641625681556160203413650305233850284547119456681111608234494677572985739738728652153645460917591023352066077980390940248900589234265698550114353625222872055034337505668757774658059633754198542083868097891328335679716266710780198580136294269438275027094256269524628130830147747097935
30 14012076719456371802012149379327637887718738941888542892626785384851981399920944165404343042355583970045606613956066633471503772578428014914631595227975842557020872112736483205501270465235897957436770209929298303858541294984218380831300853397346355524634821559424654828174123374888993468082591448058674746108598586229406403627159991484355496002176805913895945163795071339320103762038727365382352249079864293978325625289513141466813150462920078664542974206157810180657834643185667118823135769485951893057699050081383676171034444462924233770210392425984825496847829
31 63233814860637495661903227664750770153995342671897491044189753568560521525282908222510161172653385844931824202084069844711191747579320548577687940150618217206496754871970743951465499681044369810883043948611467194109263767574876196400321450757488466553180124163770317008948973634985227458023779327783797766529145859663291349807174884819004074728296952686953552484965557328526840303102740621040846254384937451925213372769529655273142854705651089176104715975481527135971735541648951726684357816912027639112638062297994816148227979978514070948346041765767268166195518212299262366196292967908559666751066871
32 6695140570942319100053783587150154900865336683085849811609092759754159289465985865994270503921327899037681935274006268643434165967724339475390292220225971362366685026539237148896174125527829506094928493779300015193468867558556638032487233567411967712134333238237502297565464116167683576184494142549347030954635407747551893720946949273684228621816584845216132297004255393297920401063121664933529729128464576684637792599811353157426329732555181592978442740046417014158901064632304519920021063313393165190594239793618935293916823508213512247500227009279984420604290534435061265404224818729134313152384237625502605875772810154805465899555656213058
33 16664109164626957962001044565589381986028199831089104037764278931429809410775726597301663392548150652712863261707708085128271019759431156683987565036621838925137935918409614989061502053111136333048573582975345285542103439401257445281788068216099776455340392411846676332657214149089410978880936728455318187187800202818371569487188806409335737042097606098374519940929766163935510052485890424150019379794713140060460045635634278736641602490592116710956161528720466534492728595041812158635615721714579012815104829162436222820004601365061571535426749246979639202608081183093148138787059405754340911229767128057041219620795960542463603021906658484837213338577454971778411193295454967964559214
34 976820034538503042832816977548863766789511166464665121547536654454986437184807868948315251180827992196338064538790432254591240848407535513707639873992569250394503407772569513736446430254791634874791321343748457073875211253355257809940582217926082925848536998412833903773926573110952269239784908549494548726494729054566440343326509154568748112523891311599211815801156873971272293092652824614479403249315072993405331917037845590232448788979965551649945520257684563577723138363994948525827482735528385278467616147935275779559016932486461702975523101697609258671735293678983806873373890911326950282811029860075004249256464774519682885608963327449648137871753211661047670152806804057216027090336346819456475665004437139026646572674665
35 1350855106599503156456756639635768797029158815419858192238276794243174560570987575999475824283804271818094930478739141740193901090851202341004048178087632481548860540332903166744894770377389264705004095592586749601496696077041080718570005166273469341242881644500934779455395507787233413156412235522800004609826006825559669048372781369316676457843452055824440569892712284919642694678265616366692488156352979573211477601455449231641778164084204089755107710139345661572245216333124907253603914024234032790547827585736012631858936907475687532457742478739567203150730941078831255838566184096879446093211900869601215650301360864696316522380889428514225747434529214575461803583361378609322671467086723782798721231941196779792485821486856637920271489419615240227825293694196466142928
