0 1
1 1
2 9
3 777
4 18093088
5 147696354159600
6 120281515483611806096331
7 6213452807971612556736028733196419
8 19985669779698663662722527807833218991804567911
9 4114852471732264714685900791520508800628430894815984377778000
10 55585543535053780279616823050745384048632329865738967503901909918828631749671
11 50265403682711615218492220094281990836608856068366594188419007231566618039487529733392387691978
12 3093744173922490154348916257742265376057035788501966238596695674031265850563541525151474648454692670853838252840400
13 13141968733672236441413105330016306633843519674019554076862892666027728799786636404526180454098911687308500843014310146068951108264483293
14 3898989926144871911243538570256557314848798101063821790120832012223555705795649249404677285237261930230288204735642529321386931242088697919004158989073737377693
15 81621085961251579838153838355520774794822015266420591499176481569303892358515821788950508143567295387508723841946699820648629323806229724051520456487488659132088558786465475762370079287
16 121641060008508822997610493487693952863592623115257998379042209491992712505303490531828399572554513818466666118372261675829828562430280738052384120320765890258672154740089252926036784859573160804666410885937037630
17 13007240334635295735214123623080848261997092082717939615953066792094300031843117558986198207759555850337981200183126738995489653850717749716390091378521956124945535922263612032300568390153501907472471271780251530653783827412365365698509835565
18 100491189038308672591030822982350305399888850505041543930350531056189066993021232842316434106673526755257132729265074351110232808092608068027849729736850868250162501032675926831231562471955921094416233711755752905018967974611883038204164047761705196706100302148016882557502
19 56440861264845513802688105573340469186004120435094513568374703456705923430406918723326048779902746970506706726461759873458772729075512299889319484819033003802451376105845455172578706907365308499282485963124792933482974124734145882465546613994589184720417881724766868037191030034373813343559564338300586259
20 2317349342970642550910505290822959517381335799525619995207996602799484954214590342216994406311949207497112264569394419417841346625213201169147695581516639283999434739460874842122355402739066761865343291710225487869634977079338088614826569774473785575523014575923651862723153411814685101229979650128679125697294315310827583109528654630991229
21 6990299872012128583582822832447445624186266977153293063107549315882849085124923205879804699479806765278108514539273227068875757646117485173248464824723521570175838527879499267064059848215197148042420308934142727335352005977648347044541452437591621240538145303196873081138255583864691700319914007046978761022345154834858438295347503204392309157378960089358172385039055497725702
22 1556246368047394579266388195625477059073633154048372729557246419869468479460929884524745847406266913227776782217025669633561634583751280314027293532920469097814902300731599189197494501613799713039730220744720239847676010462206919975464778295272401113713041403686376828180396104085066818167325263055423802353651414886425169541374549925285392741029411101922783636246339837427174713703700367192245106549546701659505645
23 25676486962734369232111492285287185903577380739070091454290749889802675906711035156714819456101177250976087556844268470697400537934103486776126169027062148872986930350955565276949958005304861233161895980087390751656230973882674450491639339310162293738045401995370210143737822420082711463426871988301450300051460850330376753937934283231860278619081531293064383456105010844918388532508826182130024946391550961070659143314945071808656297128297297446906455796
24 31514546639140972772056300169233980497427217222262338405234070723989250388840802803734263541006617674364354303947598682087792239666909661228428522992203568360346361860419642651056416703059616472572267400118522376710516310695218220422330754377352232141450105393320695801836452972636012315354836878688292124268715366628783179738209467126487630089411160144052480768364420547817550694680298784435420615258411520239659451936715457763217866355299080192016733677927140402169056686605219233442624377017292
25 2887446918022011503978541297183656294964447569212433136659897626609840885237121419414584631817904713100121030081104974184926654461713080440058354974496345366178091628463431942159310017422551039572118926120139104112825001109119756528919039202105806234405461135497969804965574033865874679994143146473866362183016661902745031294508150495325315937457979715629293794121826601188669821446269359759912008156771057878897352126253749281334267994496829166303725584860462599530256359342870233858181322872134015645377158396480697552633945115695619182717
26 19812318202217815243791880813475856010479676351208316156313913663715169922272380300102112667569194440665409473126115806078537714413743724878693369616578800107178872374248454076218219501729747850417808438600958955063467374949536985036651687843532957507374111757020996953185023938019019731748863039722873161428459543308066646395156811228584173668446904893953354525496900061533296825083634069462756338035083879747637807869782939322814449713001698315901399052773315469069431114105525522412039874686123084179339951809508022496730626657886733193450400066765947935167712166111927038301582468451
27 10210823435012717538286120558370797427800211839378852717465692920074116657496132964631637662719277453925313576920708190811119062638954637297601416413057901862297781366885694575613956474353203270087071531537447832421193545006358441670879599486704197183853218031944156814839841339208854706138374582980406526539521323154793597817971548962651546319733412838251695018190132527510727908286758256060200820345821317852926799293966937617013984459978239113918644401424128147224002325211429301142441002567566926809934903215544173251297400579435267529089281145364896220369034050104844450775150394776659548820498759385188177417094675480524803399037
28 396353523140361166782443748599633294130644398787994251937966543229171363176234927409428498996178355796059731891711276139386366648718395983838455230851448382463822290005016633994986353891547859694387547005671611566892966519535834615407538386631682950619234652410487054080069331451693854002997950411208452915402599455333136964810197735258013344742327822717379777989658494294763206008140430226166110537858846741431083128272376346907701647684981140613513093821194717581378523482608566345407203492747455958590180007865796252037175813267103641319644983744168400089931785524197039283464381350033517292061565819235429490859682831632023431362500746289641502571082621271527560347335500894718287
