1 1
2 8
3 764
4 12871756
5 18591176015715
6 1015303379289039971905
7 2006943505654566080612856484289
8 148870004305399415714306241232449335425376
9 427548526344239981314552613383537154675790822867240641
10 48735736953431010909615161373908686856564026637330003717618156585438
11 224968075617396540381681514086050638087264158181433485285972164446053263206722919914
12 42757598176052430504433238712605788496466824310689466674121145947011884635025550756131745199739951372
13 339295104802290691749152092009175948615914063569545272712656117870079852283636679921921855097092689231259974120071812567
14 113754504311357936117335541117945121000388834603004958469711654229610837499322355635722489400134114763701712836476797739897034160867010736855
15 1627905702665457768286166659643353788700478399839955730398537519157938749668965802665805283567918956286296066206903635482907364248680500720695886925272440350447226
16 1003294703692345892470840132694663288466951470734361163843983633126782434518381084670762631963261665796536307546638476939022609069564869187604289326280770163279976727885308982486668547319
17 26838979422886925312733221988287673201127828766973151649199089719828540557920911123641804570656140122909209484552942292108661313377105765783921475524200900449512784652081303365067010173864508725318749655540691229
18 31379960144176340438412449790569101598709786293871916969648874219487173012384341871371738636741222815357372012063481509487552944550371209003221177063679241980407699415077726673600415005213984053509100675219052829034028638738734537113686446
19 1613513733498672038773053744827945852183362388249426106210495213999327862794069189308729706915398525989997102745863143879566490788571020281289979815068732515527882371480227282304936032516911767834969846898617242870198548015239009511180503312717452844133871020290087570
20 3668903047766042833450650392539625068860917405588038446497088720024223027638184712219807630770070746308240947494324021833506113620872406706858219289570879454488178260611607020884612949453738141580209540409645701145394960076740156050883948756197596613569755660878468296798737020757723043566890428134
21 370780842233864103361638373165572057376290739200570767227648739658991473105782332073512253987964835210457096644520692853466369827093063032375119959145206793606703566380958588084827115201665439755873080562725633449014885666493525142564121437255056578939041794864379553698935632082388216894736559952613179486420182170160750343962044
22 1672968044654252491468921745432956320191011794559904204350390569825947462563750805151630370150664532330696439122099359718565470757510004689035752356002683652725097080831411182655410580680460876450186783073760037994655404628596048662341736639190994450340729479003285918239710394647938311967708218667166187714557258852432672774313891575845240638045346662565291964599
23 338410456820512788820571779633562020654045155293506623579347038294686544151121065094732717564717399788387936018533120409257281343708084630583562409974294650468399641646041700053264429734048118312498251710710822447850824307555928491949285241150027154438835553094076037186412879776808827917673457635583502859476081737305374252070793160165731512270369270051266795459177842310004454735134953275779089615
24 3080556449718748734602508086765625210876637998665245091099931779543496723336913354901380092439588761271425800314627607663068728897682252096804409062683391436000777035506285127686646200987066708637379236925012935519632882663112584100269566029543728367501998410943893237529683296187534148470545274777286120568605111717633976786703147786093024964665830270221053377525261558389082247512103163050033397972920031608337117332593287182768939988
25 1266348134107700567217680433812365652291949240905115501084904759113286335330620607352470893053834068263081340669949925420768214347954462724146304175597013499947734621604070832921253392534879193276842681063298360223017897584705892551371945692806396804706362000106885355321931446330745407146123206817550428760012731807503875755062045069117082518412498884613758017242320381902813036441805388072885755532148916495728222535537975802886525636225131788375012068939428763777416724754
26 23583402303404342415801679968266463949430146590711223876835925045217424646901817816818842906549278503494781266247236765761397636005755368748153045141201810136980872553072636938537703576639586690896689842110743070449850663419926233663312426686995168614776932569991181244157477566220450390393050719753659733511255159490467638041939403210291302570182560253388724894679416815748873073924156551563815846193494783707525592657901983228203871422228574911321394254212025856198010176392650930847996358347936925084521824104016
27 19956071533431504536192340364091248556261711485507596065252859412725648868630498642123448570716221990415132196688577914995478296493263393158972433979302333065930071425562401597936178452531640296207153115779328501732732380881013795778591254581316639625178256184904756925507369749330683462173722609369185163765368236156942406160766140063339786535162874099777754407836153919281681776466236230910040832641068539962499007367653705690838268741864448289444061151531743290174295736007452861087704927113586672285032213405603842479606412062107590816569965967567055742
28 769398242826035032714606105459143622996641513140863961391555989781757922197356409009887342480395498971796604567822008490448818960561597773502297827028753094554487973623360160517364773927497173129242109804709816241631777691055473697956470863266498689785963000036989947101525517678564461200542543727276097418234266096309686599735666520194390308439254852764187990601597274872260669275715073364570806000165137420133655430929395711251845596341619632098816745919917293191642488657839455671559196679928244007205882731792665310787873983400307182025767717874947308730888671760019165854685878308935804185384915
29 1355013041430890240260488797122210796512758572768211187855775821825050715071226504471310636427106259124219288481847591763178743654434456315427300119468439173101547012924005287950282221728575835120789255920082522505134655749626697430258013006519854023142876720600932429875267466051672652191895674509114849924791834935577371425577986280040654995521408745986915615034609383559716531723061095546236536303960611950796433949150437186354911015851580183876062445116337355503797474018634242942380163112591596575754675923784220255821706682143895935974356950838719391139574589637157466665414914826517021068696628425829821427725398558893885809287406579502322
30 109266070894313845566889213083902803968221138687079601869415011425113484474973508228169570889929921444930554042457873109232281676774668003269491294506180914225217193575501010516786647798333345744380280539699916166632820549203952517098165371347864219142545794701995393221009487503932047646305826408333841168612649110110075089433277421166637814774424809274549980822845140270292068702735979509291297680770448025783418103639390408457141875956424120674147300871921396239583611598779728480945654337026733539550939961820719826034435644724003930592088276702756733459299868739770301242203914531132714830363222991957843323532911680850592208051384240388104796610856891403026009451805291402891884028536827
