1 3
2 21
3 665
4 88125
5 64513728
6 302556673691
7 9609538636639620
8 2130507748867920800610
9 3379830094532408862497015430
10 39197937533061426207917392092055779
11 3385558921518024219622533147994541128399158
12 2212558044940413892465471009755067392031760063007937
13 11091082027910992214727221221633044613699675749374810388269820
14 431485044823657498467908890417327854101824667629263196450637276859298374
15 131610168718030349973711419286121569741794632998334561357409436765216718195957604718
16 317544388171762309926268615813481578215047901346264878790781322208913723860180870575549277360083
17 6108105060603834033517874927113042863606825436049299843368257733191640610717198200079237638755126915571825714
18 943202257772132137776502126866515552860330818940769138314009388708672647947636162695864471676267208388559146906508729971509
19 1176478078102225915767014674779467685558497235566571274829789438736576271633434801492230982602998045754968269923945387697376707656505142203
20 11919353536255211920504439458122097308175172123114206100763170487450158281213901229920198845258173333671550846032526282028417735175277455385838625643739035
21 985792536105875135554830013136111729211928447544826000111090952558503089178526476728963526313213070723238962822340512246169810269712784336096838112866738160060660012610194
22 668581116019662137705699797910125232166555971433565007449024605793205052869849977518515657307077159737735014192902632353774990571113603740676543676163748792667985370323151715236512993961030
23 3733833020706492577038923761033436584056851535869100213865633032724087030574365343046853351436965005617257485688925601314124426454680809315629667276209098749423895616695462197255233755973546076137065522717051
24 172357973429421964185285289179355463434714322310999912593696971707883874829185200047564458086810691582883720305757341488994532865826856532593530223370661810690367260782940385237953218265359892738931943341980671097454355706114999
25 65992235804486830592772444824150097506552447902320420889214224516295023250840313872100016169838661447680778655907055679604894001053505365821253983962628876194865837398178987832136610409470026982575315845895282113275067466986307833303781759406471076
26 210247159464024143519489095097108077081526037248537017379398644466207228731492689594853680977881318578749339288714863849497736953310178936215603283103244015828581261685006373928998202256671225378257164063372155413267535324892904135197261392494979267239151120516738598645
27 5590222691572181105616451606152941076827790396484393516208633029666346181056659830993645649537363345337071291010781322998714638411808026280249919956970793672175868110231046079076446427111099539430850842753699603980993618408423446591606613726796182173548693722398823164307857295729292292451281
28 1243890226852676417697441080411032237215082250556088365638394963433976894183013383974289195948101468595713456928089996571165437804312823076976945880205762600464512906927183568694412128551477457574050758247313876232635899128816381005349844555127142349388089133127263422043476472578730392627771509127305859195570020193
29 2322189081886102246198762772618268125208173922402262272023745164118492366426598453177455267680972310952681390541851724120476303857064771311799666551170279238002319765201546109575802124537535349337216954078706624252348159020518526231186242402482742946019878493478541581036989777134366109937662733450174647572571084413359304048374573005279726
30 36459364783134825287443800372772139400589243225010750314873473945024177809666935390759808370072255282309611093379001115494800214984958823531982955367942683098448591646214167462833043153435728859609224610638660727574368312495986635735398448601901426062261067646071758070506443383230502061624932517526330310207358959511531578348811972006551992100484875922426048598751
31 4824832580015114493280183876221370337097967918324679146207863958108194730199816539151961336243977888844788113619164012917600988494448025853311563888458439101091437210987228589447644214101334540971765910098583392751468726191008080835953625894323232286876580923548235625652931625187890717430921714986254259899734668704157607156388139855548637365065263026748682560302551947980383221929744328137
32 5392887228386068592501579155813237668135086899159046551550731283232044756864075857825658283497959776901772510844179761007818648607326135922095945176762120265511083911521238964806877149334351111685543643583734279826475061396424637479972188670556830311399683739586394442017976060768758269306742166965234635455430101854875094828050403575351794029556995138866207098262572600823524584547610883525112578708861538220575887181
33 51012313004862202974201023065465572137259433004982304636735268477301862024155039056847691076655870877894940255756560829491002345458127246447262622146910752744945296675484990810862379911567533130135762666780267591277244374385378329878692087955515581492887820761387687107060538074588213382892758994643454053797526840271009366879361809342492449855402395619965524274543326740319681052932096816614173475291651977658382361019433757026876099714658386894
34 4091110858661524030377322253459915419108084835312159395042715675281066785373395142666357045015551807709851243902105103249472684704775456460838648040972064938091130731260116970453398040948464269512771126188315946143344076449369350489086736498566778208345609372347745896685383316214972500811837135039194916667534301688509371769201040006954170681264201086414620328551928002308961127206586367741921584017833395021257995561107726424447949573508845298285318241167653177872758699569
35 2786581406094088722829862906881960498333010867623687066025613101968202271849153913768152750557884924503896072596023064125902010873544838871777984230506264659390375644584046809690401828991738524230808219061932852789757160671221563752972612849742922591447365550886728145463583875695645603707172194927729101374188724874947997635033004064221810785747883759066513109168944233437433472773190241291825161125899221606929935287835797868239162029856185845415171170764002480411866605079194743156679241711584913712617
36 16146404136055829989193422592347801330390517550532565517399702023633456428330550158517911345823260677505235146849297254644671962378460036067558340523898826648795551084408505112204902981051699266774567159924585373907198620743065576119545848168327960380949576207234482881074879416975632164999503675338977998689235093522942405374026023228905645463130713231345916863898489808690386571137373977979510571131966529326354796421192943056174407017488748237707905676649728471154403062051755996521688947174888986942840605812288773207622046614441265
37 797120475364036931325426928218262225941591064626457546240075293517182548397078025324217843348322590862710290392648652184161276293483768309532383271101593142577011678143056645230735617574368407577379305593775944686035547017070442236523756588582610147877986915014008536041324342334453028035021854929792029281291751846761768552953889485143186769838411641049616865994793613952038639536789694186104636171012031253513686812844275114383269682163286264698766078703653913325133685185359163198334374251246177112313034413827850395429428781785851260392604776491193456086191968070
38 335776946655281513943691339877611457367178691193178296393778403234274556416313407212668128006438025440284201389839276966084039981169322001554865865216650059236901348905021946818500358666172677508176969179356008882959414542816424989600497890502376672079560124023658468933672238645702032664342376225333050908949361166318768028589549495065937531300290354417310316218742172269942548681754593518541243746897252576913574593300420265862570583208817259475016964152099607692446805377682447777974753724943386939650625535251421564590424016488544263966922082749796549044206002701232068718181334251741372811324450
39 1208532335681700701884259085844495267911834975196789544451187609317017176490743834735944630582831227553291653733891880528578913767946776188900519353747800241356513299931091362856903595671028427538152171352144658557435036687596888855395511617347155796290435575513549920705466851168191759649075933950003798463118932297789602212951411643770653846004586879816273151400412630692186671710115960946020937055456226546181909889062286960632295292318413352117339660646684589934193778108432681179319225201638440481582155002081155974673480807754698875875644897457142248027377804853381630035070708390382628831222203939106975559734393981495653987568
40 37214947884686979490742926847869544064973423141003137424113929049918279063027922789306939391747561408496933742303256352408695667051496957647588953628014484946561106575552145182750015278010842211877257362909489236647464348856876967882330516695482021994811114778063256719637504782449204293383823772189683452787294833262997664408354584325173937261830995999218234362628729508421983381029070527753227657624723839265878211092483298371982788099590719761171341133264217133592591877425474092294475713196475503788561580307923120834822626428032770565904195676735957815870424288632429299150898071310396314986476747110131820750433887136925320019904842199068018828533771094021928743
41 9816831440008573981025748407981687806514668442685963593497276687447224501981606552997541151759224857484488274849911241877583085175265168317523923746748251604569483489326267604232462867765993248889358811040970520742163807162185926810901591998770141364695675876587827867307348691058769054439300594423871640998080214197430179718229643293288017475319744721669296688980358608085862079655803525028481115740237620169945740937204133730002623827713332908231502624035163997806003428424333993395167728464419216482057161013832527943856028405828085576397266544379721549155403447608500244420937083509050497008988213642145596830650914923703104765344050162421546261403855724411513046052667674054075258477754302791767678
42 22209403526106353796964989900903380120599130316400067576059578080296575874591519277307918088743610056214347385939877457182955682790274923665737623912962060929765094091963760594937670163321635098930078936915376101817372462780180899336550116761566198607444814031170070908346080775396336267507101583348572681293895575251615027548354414556503487976280572706333734372993716018068343775176818021846048215972684307938294765274941018079927695150818209217004272223212556990208316894789174000156085359800579396711191862808791843282461573307839577673900798496956512474488179815082884443847905683950611645031703718596725246338553067397622768343243949863214944823471745579182135940015134041823322079399793795979846028683270331152165609903791909219744216
43 431426318407714617199268449984167834245632890803481812517006940744592227367631440942329509982221695591291690349089685673915884818048980246086292059851923318876510237609111522497886457196142540917413712684489983326096702725221749256160166797707998608330843876602764873893847146189749422411843981411600264083920784672547346170339600706733947760008686019447445849676249883806303951941829612619250971871715879759875830349931912426184327491074790479777282097902214149867269474762447880651942815459144310532929644388082331110260571653709454728868478493767451672641535614793633642191142949308799586067315955451032692514097225406262724682119475382234543533509142906925528654592275516672650169481334600053865316089692671774497179981999754051548041263864964568822258499030774189087670079
44 72036141517002264779515483492707155584768153409680761520555620076766086010463639351075888482564181145107421820812897263135899794552136313802311326953285048244687562308229500935667915513168918807104725669635009940244515604846717535580708934083788191844372643023147855972685409342009461691131816611603269233135924105735205866352640620360268435629858969198844347191806738008968668448644018381759114185785467267400097597686654035087298046082452111475859401167054037138910578263384045193136403271589191158352996892139808313127363182750661679030153988211139042977419741989709752567444272322606533500783615063829922373596862630667177381419669618586359005477815577611866212181956248307795244691110256611928579390033291130871319844568110506591959355623357716424275138114264614122051544889720532206648763605111217063083535150
45 103494455760659503457916095099420012659870359761007861590682510236764027146293696545122197356113537647492981762076847729375988048552678970438530568224822003524150216250683089499686432873119857607450148415757838795812570076963442038942808022691317855089385437222300556485261820712755470974299955441490008383688225386282855199271435927754911977908477664456829486767000779823761755359748754756926166637162598469919621401811337965915259369973059508978338901907239774695860534208498770889868089660091615268485995515252204022539838285891408793114783034383023074708718482964757112250455342955907991787322883499682735551375779828814593303145057702761216613073013891325004271077919510956854233976605726549507011637886062650929294388143988594950593998817484753010085361291274428916630210904723770087272681409898672623384075368549525430774423870826946833215516529433
46 1280665178702412509291562092599434647202505816511130629980787573434888964923419507071726132642878849665509058503237575361782599209671866698878066595647953797548807272858039978091213154357763368182435827830051902394487239267651746441177556702998097252859969062650080340580126869873809741488998307819725606924724226611910507312839070933571527343074466969958761225756656436269289704584865717111589447523972152652554081514305520492419552673357271120887051060985801779698498191546158837620815186742279886250096520754441997725006551068820917052176927489831065287475779375838056403420986017196309544368490313614987958637391899679437053248793918906317066208518660913704283050004833179365513648667456390552341350835132880451844717112285080040650891390744459582436135588619883063486084289054352611683347479869775597429819841616092421244820889107505962815788660150975764847611714323858443962440611924844389
47 136620721417427023925934877275724243820946914627070142448663073023995122748631264565833355113586263392651285476770464994070901018680919524296874961702867897311263510357692088386443329010226250653829913565726418468844771127373904075586918019564078464231189565984322575669751714005610082042200556325636294912028285725717648982700124684620621953002715188616620965561099176204673934169480601970225178746557628458388416654814777143241681084107473282157890731598956499842282190707290174791331458770652327343334994283867991365743925715096344637983613665282448541699063085340189968806521963445458486015629693436471483534167986789136019771300703278390522376422853346957098967556067696547341083395472336571705457375907004594708600323275738576003633361974807759620149799763995576533276723528068447890331347833522933422433465359208852021261719340938620574665356439025909662986530689334777798071425982974032312136613350944759277995247883287171010108
48 125763118506966486089905180513271479383192245064916104218121593439180922229475491604232210566494186337716620394876040067170082782704520047595218861985134463625101594122466494997442009902016291194295430433534256686601119486653261819490059345759744183748023578793614977009993054678279141065598622064451704113198256547561867452107654825520500097330878712638195764432543969808540625950987290244438567996732815395100903526897568277895929107142016411669265453401556835357046107743561269993698731513922550448822030733580209595959930771540940204675580888933813784549735297851236950241360379290176406847143511144635053433707839701710770021068233618837814244246882047064123353378845751376125138295683752374733783076545148569070055141318041944829312581393097402873945854589267763034842902678029645352953468912558128239173522540497139976445937029593552691166097174711955710946109893763369959154017868653992596560720696992754097069905140009221220206263956821578804545972802573741786088450823
