1 1
2 2
3 4
4 31
5 250
6 5753
7 336892
8 66656655
9 45702444262
10 108531198105415
11 886820860184183873
12 24942304559283553782093
13 2425221755292910512314851369
14 820268473428236702733860194519389
15 971628769542349647712047763625351340538
16 4058390091977348082333714491781692179498498697
17 60169492643747620781191155481980777458270239487471171
18 3186089062525743823169772258853786368074301767531808696668080
19 606030505453683933015207467630058076558019524945413808015538696929567
20 416279746214809885851098579684456204170190353556744823190072926998799716002913
21 1037626001835893441506907146371289830554785240395135342313794923127160428124651791568096
22 9427500746120095049022462465640906743042041034390050817174024837937591578643785302929018095228815
23 313493287566603307374637520418684814125470391517864632659584027773865178049749882392423086828053124097808408
24 38297259755950972327230457601082610087033382065970921613774509177781525615966470869371251298018257815466553985022351651
25 17247163864899157304473187188536617277484681768059652074915053755379361022459631274545123752310628155655897291700767060021228046414
26 28725357192839127155748292708522511588767384288626947443462329093229641388714878483227002521524238937064681602489351058450741429337187465761442
27 177457672640519273934721316596797550672343671763476753777055888846379080715301542672373095692696220241570380423057528654237136177056488903265579727339890665
28 4077527624885695993435555162323706143009887592631574912292856498707078822322119516504117978650074697002806776870000275547646484266975412802488600784569132443028871784722
29 349365345577011180277885603055184184954838978982278354588686198292862888954862068296804874545089205134479314137531650676364130465953524105915241035059160711344411434657706743508103718
30 111886221002617849986987901631260922648156375033338959704472945361399687445749800391424468839239327898035323815080952411002431398862971650734262519875019450130341526342758668186127671984511598521813
31 134230964911413560719638318493847493463844132029324802900868339685986552353112695104536836787024078645903355191548861092131087269339950281599582776154504261311951939190590813833664196428237846057867065573796818119
32 604522340298251459465466061399081368774058584630446901847917052580578399698236741871063408982181634364500005939655858755317006358012927563166349157123997694337005732509069037200278832515361648044420589904639493155827878563299680
33 10240098339048996247899584263089151607877015569359937511365549433938748793607903798326464554476126105726857974279738671251900154986002760783075650455223080267264554373903514384609938880558640488631178737292633406461593162707444699126599385169817
34 653620958554146411754874123289270198053358428281465177638360752517784613541270887545135129333879861819178818816877870704697778223033604128511548492280955957973399321541107165844036637591163575895741820071690353487158927132276313109997349280893674196519903506910
35 157481508426085596630875726770126151343204563668760461460312320271774479042382310315156590466855264405476690241802415535284828449455450525956666280131589605912111260200179433074517609050146365487034065839657374984869118246180758553678243605919968614503987235547530431364405898601
36 143457827716446913080622655400864487156033688126204799691238659059759600992624989758416626380417261870995771952465718267407029285648138767299600033508636191436665292367002907608975344570012891413316130327072100209190131639241083723444858214083438077676415225973180261875140106992163285431484566000
37 494857873286814962509405053516427136967861303789778062645030308803048775796268483346580512538242899573543099090321515277762413866391249699151882571310125934149901004983757147484857648433947072344808889288567976213619141713204606099672672192890587865548921905466846663160034945758989430989608986304005068314615714574
38 6473407807621334535433133797941662418880289174542742506825388522834754809201452798534955220140740809738226941382689117293269844074112560136760000026659013588020311995639824201953793353250908353325719969324206290762017597499472711002981409661123726472555988916150583970964713619691259875819385485290397983557684814584175782569228885116
39 321575846939891053386853711362731721312898525116506989006782879367595125252044871214855592112863037817324971355508284148208310540611959958865643043634808457685444593828418914582303147042106427887973768168681599289477381812313418830845739048857971059141236139997783164215590597232478986294812814675157932617547190344432493227984093600735816208569240103394
40 60743959935225698150294062066544155833335884230375479623724284617568941924139059012753420835692121518939626489442855934509996035322444397220509974698464176299597343520396026744036496601451051151689414143543955510097201703886678389727836598216739616079071839199455768051799641300858419053198356395860340633800093418723238347732237676592046417145088301731410492824876748629787
41 43685271550978868372328082501032977020347952010013677731528792389420480276972962813260250895237134408543820160770799220349949894856723765874709908693217244765801065106575473601461633855848127846669623096322892844426871819176012493811154820061968402850050942170119915692405401230233244367615925331329628951603521295751463402666585113635684144835044412778323069068799285002928770805518013762914720
42 119755675026738784498285774134018232962994844482413312510908248481559501684403999638546964760366801518283360021851615339427122674504365379562239771511024036942142053259332037840843585092940625631588631607694652777433208289785949467240671469122956811153830336546612021056851904483622508909502556372260781462837073887442821340925634033733054718865630647248733175871542036382309486468112621923762922638379901345943712641
43 1252791585027698155443512199102755841090550965070443527927441312821576181220652786726117265750345122221748451407363255647462408166622614837708138760630615110965017318049343177899902643555269235716848515742674745423290788126076736796162474611657339808417928733076896265212297870770693795021405455672221985891311549228555335447877656864573453370385510689246369683722555694589848402835466872956646853345111659775938133430021650725113966312702
44 50067176645084467377059956307260313454581350830192375389894052675259111530114849474757283502251034569969187763127062414880933075054129005859657671250544889443221454317096612763714549234598469254750819857350879864601853291895543483481042772549920624275575767805438856492167960607879519296396623995266218766034831616301871949961784071993796041491358717031000848624601969594980672367808914509217422797870928651261853241097634197160618730853900711591110334011268295
45 7651871928167542960250508611425504475736114574800652280701243384781036339070940490079612401689366153555198957008258866199653886419286482757928823245347917499248606123067851782759432743272676913566543797086751234742040007760136296043100919303970330571232524123297966174288402597510990333350666305828430150806283227388502534858782964223595535011028372266487889136924864761830910232235708907093711225658999861258469376023497377082632994477678671408986206900799422273996172558658607629138
46 4476634515586388635128003664050808161476960400703360384140065960064210311789476254820590391292244341216544574296307723661337844773368747329189425372298362494998322881123922744516642462402345265846469374019197521149548762529384274779246056746519066802391115808996264919269890418550217057158017570935086223757552601465903230718315971519720940204925661532077207292318235777311212832552150942714448879778484057803587448950570041782094824175381968300533822658444837605314969665670999035222325577062921009270704962
47 10034957189632362155055876800561083781309480559552414631400031133181211595687427839765630995738175125091132831697637222472374881036111231785588469161204333913996936907134693088967410856740366579994204754912447782271998406350336700082058556712324650139622427571782537997436225056210961546069289314164631552371873776061086771094493650501101712865841604164374797392332839792287141796631064487950455764845683969220127748635071956579501577975789223052751341337595330797240672602447661374998646381001187057695153627998672900548839144861441
48 86268578454331189782183261035553857863047748235242218565486148640818040397186418360776110097285826966716004964503376456369948156537361848032539212871357130783322739213761934380580244498260287662861045241275088552641080370740949652096730466168669026713641284284454462462876854364833097862451386387996632039354959199926644766521403398355610344693019232932696702633319813228961504327722082355681466560941253900782430855727106139787051002683541147363899311390436049638711433266818331679998354265443185964372398781468854873676981423241007071133502569508508477082
49 2846689276807570552673140416513983902521475646789012001519057456731190902105778667815448974270318940620684090512053645572299507606816609827535423370551612715769371417563237137765973721879809538809510808417182860550317306159328739130297830976508698916342780570121980858549299911411728116763290243893992344080472021178385885309571723003285571372933126875927313301206651309326159246701615049526280019199365522989931612234132371201892271040805868116150251214216793381335069761852219699953207809681600566245336273402609471031302317509598870513349924435556994774579650035275529841325594386
