1 1
2 8
3 740
4 7102566
5 2751295896595
6 27652320146963251032
7 7366869185655266009650614016
8 54115411499739498381789118583756897765
9 11308260954153641209620749748568500458255321156124
10 68907599774684949065832106326487510431099544727885682150719716
11 12492734077260408487956943295221740049638887887442712282826651190119843096279
12 68513106085473798970942090063864319531360840012508171703478341677148295662168427866431289656
13 11525723343096144283515730796425140176128153154311248733111326309505030904095616128857741598413617854279368708
14 60186054718406462932433845201750212432634126944494435781490562562094989631232810631156180713319266492239821783283033648868218512
15 9855975558640968941792856304615609128095142531180161937160716760445756166998660788876193503242959108220354235875583295343407536159635497801791049939
16 51067948796078936307493518875679269587565547175210095985505100856628414422989410147723011016884509518304331995580764810067454336740274362635600391140076030661365252476505
17 8438044941592572850215413206300027889208216923055096390148337832428915366477236092449420772924512928143762631130704437160487506938161331530778179466324461887343388238842656260371109683063750454
18 44770360079837303048395333730645902194531043789475040025233224564119249012999566525736431442787779946553024613451715268831832526859932281915749872111016584964735595919827395496243002258329026189539044370632274120155223
19 7675022364161092841887796758469958157766137377214615972721973555048585434594605693828257945461431436908112280751325467096682693164418992832564504161504605156405861351653604734255466590809451769698821682456185423088596989986419565176872623748177
20 42748258140991673000250532854537796193618866764022922860257267321515720594579896120156880623627595691067770381665469319150037258106093078768564142733899309722011123255451495431992550978260043055292123773329571650926603837088956553317272052273053951125987743013310607315840
21 7774654520336597730655332430304869864918950031571747547001944144394354391227296504250134131648813252176842566782376206220362668890587248697416197218693061380624548567982115434723175900730421832003181794838137287501635020530495874300699335935209271601684397181244678464966066022694718848977678598935188
22 46380935532790976721445996319870418281877139636466652893267261092561250661518716300344583632133398314721676894852771811929860095968584660918420846991735939811331434402041399855151863332386902025919954769862348753013418222906587330397555995186433392944320387383266575624721281059083574809881077055621035844220103763881269711278568752
23 9113602860834716680746230926103113638611803443752920313832283624750827122578684376563549323183285288922565070333957546137194457163145998663374410266028069503530818876189813651483647164088767872753529011168937412658491105705386306979099560072566472436735616646946554530062954072910544354743263545457022176608685086644989659326192742908716068146169001964554258007364
24 59207453725099740352332118202279279215701157927139003715991690611466392931305260497213897389912777075810194991357305404639937408032588930895913488466619430490643073791302549760721185538310547566725499458384830126805277689312252613935546287669706922308696643863623837889244163419017395185561539887301525160162435211404296938786562704000235051206324869282783091872814851245692761630884564337549290688
25 12761673688629204568773533958535931151776480003156229061148654566811298129838395313382558104897593672868262336341444233812057048129662855492020517915365925105087562805851722701493925916594524259358380434610672511754631742557082250210813749191036389073336719594587448069088393748039281917604843408578629778186869182035115609305938999016845396358595769478282665751652767724042423525137922907605666632191487250789968635592040127685810437
26 91553448919825570598405178867775290833756165426173626647448096809460368608622084307462733826044189263511496164069349272811823618953474035954037947928190946637505254399542582713771773639152935074535299864244687746026655493981920905071635112972910655754175279699537771032666263677883280057211401665286863836328061590045771789149718436285897370939852888555687906936462727543792396406026849098147193918276250643779703292500276557405268998514936880815286904118042554813588020
27 21926204044213817859310077153801714297621857848752555136673039649154371873945925378242116477218976328435921627377520528161596248796727486418142477474229176548971214628302939302400541757129866088186600162390250584285986082031946479902431305967740357080678827417915614516257118967036008552118220093915936748611682113506455861628562519549122367979400261980895574710388556798537294025341624316242575795124170155911959961094061818059445444137442308776319705723457571617776931567266795055224559420256554000996141077
28 175778664171383006068696410056100030240466704867279314986232127809586472173963024838922210400434249688535334916874901540878688377455215928286591257620186833069221029634252624107411227354625449344768499316245298949610445580462228625616350020250208290639435803104046171122853914693092689862006529756439676358460771717298744036870368047978151534969185226420326464339760453904521797711404543674230425634590152851559005975135250026483277209175175458592387568088107465045253645292870549656528530067430222496172357989180868353372319554790507259030826708403
29 47292408885959689356370498051690964687577875000207409106593757411924513955549404900121832987897350117695775094092147828053027917190963563283708779047994199329201406802410365432498176397793193796132974716435949222890928141428934280370700694745821635841432752492871486275607808755658863843017232444803181618226750834881006557175834241199976014995753574543697849152377902358712762738932509899802071038557498946364874254788961420347537011011104586561162488067421997711476896961499458848610110058239727070705449865931013373149667713444874323619757693264283545286138891781461771650447758180825293
30 428028511633977971821297295487693596660866445555438270934831872606044107842847489295226751658955479930861740448770504522543420868407765414634171003300778126797162100490335349252670144723109630301871466946933369945380092192538986626736241932048732099866852656465853301608730027579213427608592008232252658396457811176349605818378664245546255645013657825411803752464920298986514918255537204256698701748744006784362631196068972172338487822063213003594293204294998296139093426770137783237350398688510188031400268006064123372094139329786540760317122360972799410148577405040663225908334908327344978241367498584316339866105839038797871184538
