1 2
2 2
3 8
4 37
5 270
6 3049
7 56576
8 1795917
9 100752972
10 10189362127
11 1879720761478
12 637617233746767
13 400169631649617320
14 467115844246535037894
15 1018822456144129013291710
16 4169121243929999971120036590
17 32126195519194538602120203293590
18 467716010947796451922317344640709518
19 12903715463984514308965445830404469638248
20 676451423938148388645297168408691709484342917
21 67549149085938089243787794267555378754277950519164
22 12877799966351530549779282317345719807456732147504146875
23 4696724564284344940304679777358507246616912560927880935928454
24 3283212035895142591018291075075401255284464659329666486179275748701
25 4406625545402597880402549731781421597662902510264446253106430159267937130
26 11373947465487476751069001167063537703621268033610688193038583473476203313719226
27 56540094632132596203455371773757959173059096473188314095306818702146269776248831941060
28 542048239495365549060641906118890800857120703089761183171887243163530450419115857404660494157
29 10034819732383551882056707368500991979604816374272162236628541339633281821488774074097520333872087142
30 359160080725950623211218881750440661273117960189479119042056500994867880114036348447377587215413340017271403
31 24880331475635042016163964869370806786550953934718415164235770291058129826035897766698492720035040881876486581905856
32 3339381271757618267219509001148308975880689559129184017666991419522115364495098150699325431171853643515122037184044784220959
33 869244404839882608341941029716938203954025288156942019322475635685092522292196776753271945496472237770216968915425124928125760233370
34 439220729100845107012924774444428103312070809610950526665886090299601321742687011904161320286543765912385703886450363459038478408171640222643
35 431185975292184914554767579870739460520887928460211905406684525116932684789730350208126537273349884693679496292467724563851187491736922903738842662276
36 823079844051035128425388652574142491612617287190271227063813037641784803947299207485055562935802575701575099335954362709323418402089898437222375623551913926886
37 3057384647539929367148178496414222453072238662390088003461157470328023386814318172976968661611915017486887670562266021426345052552232755555557798701175469533948666707064
38 22115986603566623090764677745163506573942425614146353998445295030019453180301854321782723661080755013581289092030937707263094362951768938091367940753844202287745121383764577910002
39 311753646207931423832431564605327248313945720708106829350960945110873451537378542479813408630839738946262469600181073717013593152627267971542254168220139030612239983709264067417237923258368
