1 1
2 2
3 4
4 31
5 250
6 5753
7 336892
8 66656655
9 45702444262
10 108531198105415
11 886820860184183873
12 24942304559283553782093
13 2425221755292910512314851369
14 820268473428236702733860194519389
15 971628769542349647712047763625351340538
16 4058390091977348082333714491781692179498498697
17 60169492643747620781191155481980777458270239487471171
18 3186089062525743823169772258853786368074301767531808696668080
19 606030505453683933015207467630058076558019524945413808015538696929567
20 416279746214809885851098579684456204170190353556744823190072926998799716002913
21 1037626001835893441506907146371289830554785240395135342313794923127160428124651791568096
22 9427500746120095049022462465640906743042041034390050817174024837937591578643785302929018095228815
23 313493287566603307374637520418684814125470391517864632659584027773865178049749882392423086828053124097808408
24 38297259755950972327230457601082610087033382065970921613774509177781525615966470869371251298018257815466553985022351651
25 17247163864899157304473187188536617277484681768059652074915053755379361022459631274545123752310628155655897291700767060021228046414
26 28725357192839127155748292708522511588767384288626947443462329093229641388714878483227002521524238937064681602489351058450741429337187465761442
27 177457672640519273934721316596797550672343671763476753777055888846379080715301542672373095692696220241570380423057528654237136177056488903265579727339890665
28 4077527624885695993435555162323706143009887592631574912292856498707078822322119516504117978650074697002806776870000275547646484266975412802488600784569132443028871784722
29 349365345577011180277885603055184184954838978982278354588686198292862888954862068296804874545089205134479314137531650676364130465953524105915241035059160711344411434657706743508103718
30 111886221002617849986987901631260922648156375033338959704472945361399687445749800391424468839239327898035323815080952411002431398862971650734262519875019450130341526342758668186127671984511598521813
31 134230964911413560719638318493847493463844132029324802900868339685986552353112695104536836787024078645903355191548861092131087269339950281599582776154504261311951939190590813833664196428237846057867065573796818119
32 604522340298251459465466061399081368774058584630446901847917052580578399698236741871063408982181634364500005939655858755317006358012927563166349157123997694337005732509069037200278832515361648044420589904639493155827878563299680
33 10240098339048996247899584263089151607877015569359937511365549433938748793607903798326464554476126105726857974279738671251900154986002760783075650455223080267264554373903514384609938880558640488631178737292633406461593162707444699126599385169817
34 653620958554146411754874123289270198053358428281465177638360752517784613541270887545135129333879861819178818816877870704697778223033604128511548492280955957973399321541107165844036637591163575895741820071690353487158927132276313109997349280893674196519903506910
35 157481508426085596630875726770126151343204563668760461460312320271774479042382310315156590466855264405476690241802415535284828449455450525956666280131589605912111260200179433074517609050146365487034065839657374984869118246180758553678243605919968614503987235547530431364405898601
36 143457827716446913080622655400864487156033688126204799691238659059759600992624989758416626380417261870995771952465718267407029285648138767299600033508636191436665292367002907608975344570012891413316130327072100209190131639241083723444858214083438077676415225973180261875140106992163285431484566000
37 494857873286814962509405053516427136967861303789778062645030308803048775796268483346580512538242899573543099090321515277762413866391249699151882571310125934149901004983757147484857648433947072344808889288567976213619141713204606099672672192890587865548921905466846663160034945758989430989608986304005068314615714574
38 6473407807621334535433133797941662418880289174542742506825388522834754809201452798534955220140740809738226941382689117293269844074112560136760000026659013588020311995639824201953793353250908353325719969324206290762017597499472711002981409661123726472555988916150583970964713619691259875819385485290397983557684814584175782569228885116
39 321575846939891053386853711362731721312898525116506989006782879367595125252044871214855592112863037817324971355508284148208310540611959958865643043634808457685444593828418914582303147042106427887973768168681599289477381812313418830845739048857971059141236139997783164215590597232478986294812814675157932617547190344432493227984093600735816208569240103394
