1 1
2 1
3 3
4 12
5 81
6 727
7 11484
8 252240
9 10173482
10 587293728
11 63011258982
12 9910393145447
13 2895621153719805
14 1265674643230849320
15 1021859133533923907397
16 1257125588400926979136935
17 2833603935027883402695927948
18 9898023742186523111719630642157
19 62780063003287608804886046446048899
20 626691970814784738338432677346621620590
21 11256198172871965839974853478995684493347894
22 322697939772369317819061941247454304372477868048
23 16499906928516354652479781409760781559738609897013246
24 1363837923259516954915995051082067495989358884806906710596
25 199401679626353045621838786893998432010364629796844537914061350
26 47673258636600923635050657286575842723431208603662165478021348552070
27 20006946750438449045018323617124648836296520775084075755240451329203176878
28 13872202721216704715098036678065188404205220563155441833145472101804426303404930
29 16766034081435414938619552408488770320766395611534636164806913542093025399952612366889
30 33790087555074814231925607299488690453173107905080906800988799403254377330875529393789016015
31 117953774002158528756111272714940728570407256461426477033642375876228035693129222564238484626032024
32 692312841563849528409747169216144060581613282319158383581850143205929274758591291343505067518861842552150
33 6997959380672342946355596491243618182763532855436117561574356735686555501473616565058095654460608821942449737824
34 119817654199777711067604786256333543645868333367149920336729066078579611918264911918992415750236553561134874585391253305
35 3514952985719831481083381446804885816842175837259401157995817390001840114133020025912552207437989676746420323410554483933127366
36 175819226935249389179650049968726686362943492305839673578627344010394823790963736577836691363631441741202522271932349768852162420448896
37 14999314302748843440904498257488835384164668192156643054066255121719937707502424129578201499886438573168969319530286053814122748018969073199115
38 2194733239542591723725592721347321974932632668378867023292626087668720382203441404721503018645853726188198363424372177062207031597890398276751866096716
39 545479961968247784409117580999815605481180887660736368447822812908387660055560663039390308681693456167745758980882031204076452746002439515325833085410371227251
40 233753717008978387331272922360503918799350682922110910682253256643224725098217828220321784924392152145805767397327034405585322217953978921676349748401826118174544605599
41 169533317092878096306793101441610340644044433818650504093602469404636331905924406289294538921955038244442605607779225650765815695224004196402120663445251679214340722098714070088
42 212990214309307193124911976635194047390949501618950904069606594325675846318354542382382039180719619573855815909074014215560184408796887184244005002613443362185430900064781427049016537134
43 451435167006295687794762814530161050313362606686084818114208249910435512109829804613053055510968253459761194383205052004677162331399987278553787107303255429583394716680794840192313301879858470594
44 1664323003826249669656498905742737473965866102507101874318390917991641851936071626354586463692423634057738210748349661999162689306722949574382744080825002552707987421678723902333069063110393145600048369427
45 10322700320792245702230152687428442359382396205854665549444461608754313087151039626216752646469109974071714189603429210991821188457221387995797076520634236874446586195341350954903233552444722303957022589263277619503
46 111776224988158798759684408922078862119522188834409105236648240208800873013588006298566906597811243765809225931474158106604829919334162192635058278221917727103637246783027893165072122845354855488381864135297979409439107558349
47 2031207318373106868075724245268631681208174017266881994245085753768590636534375372686357454794231654517464582595189901236423253620252684866095862749667185177393864475122336060482315246000744850710450742809654729688157191509163304407311
48 64650073947997531691432446672326113819198213281852056145156937435946139550402100813774577198676597106630498266281128676818950670042735797922029537048955980031640302155357364075125818909575286030195597594709202028906219415273612461095335351530368
49 3445931866666482943272647300653546996015842812612971500333827152583170083582416275555676129373681363357500791169422675651258548792945333318829374274501202224826747348830646128526325998737048014534757648693162618815145272663168052182617269815462975388021485
50 322624625044893409736722218149134791433803749274980712466733600388174269464323596736062845898201260866607572001924901217198099367813174501563229015947366951666578039241949702231760623962090107571967385223914449641800622183951319529868895415877251539856329552901367162
51 50490726892913000057440449088310736663754256701595088520719502597290876821170948107737145594612425614992668293115997466441142761326530432157362291645682423567012341925925473044853696334301811402317122261525970268121089484632839131180327297637310218159841768315010344151242645594
52 13914639186427561494270250973990662302831978884237313611346894125152310884702526033670880564279154735553347856649700188249636311930593665222522440593592005472746009641353243750760694797179798030401096056745728392829628187125445108408284109107644674490086677705788025875033023743707324839861
53 6399860354682105312039603273900686989174225132306677784780880623574917305793264248673141840650686301819012238812030449926904502152700768854989599695306056021316667976853418121834821942675033933729147937899731514945741702658760899320350586166390207867165837286680161106768683560431638844940891114406105
54 5194845898561761157171509544787871933857025714908647388162415240807897883396923131814993015665687482202837952351483667816499164307875585345275544363649964222354041989536954787471300660402400790989951542323665763389717821945264203954759012058985998893615215846121397253955964374476958650179300640412713917863238875
55 7028002540608743040174514042419659428961982342269323848712615608905131482783568057049043844158345677686381481939735401986282596721851751598274126990818111071713446073932095409569927432658274201321768529708463460582219731249446898728384347945383533095772745564505201635135627053667925398190449996763172500497062876866893118016
56 16812394410562808482040399712087880634347964642711215230814055645308095584676210375359847093027768730918003476284386332516302848321357368750387661806022454830853559607162250828902976318213121255039599993991191211334955524285782274711223481207279942735534527398722212717360475341690637149339211272661597980595061054603336744110651158613216
57 66957214456419137967692214608295695808031019038812732687773362588588934288767866939163647637876786686148510879517193543059538254379933114936114915855672440772509113310365699039893818093230532383019533557719515250246385102065054451868720461633145908216442370362611298054506196105469169110798442725055513429229929785502928373784865319966626351799954520
58 472310394317655678880571651249401127786938271542891185268883762012545698836375361798330310710079415795676691484162303371643115164671949507138007319552722845411564232202538609883445337172961820053559503010473559297961850389873711327717619573632372008590739237834701392550155459467896625228634466749703222142030325836942642488055930871473202416923257193450071008508
59 5541486597632980885785648299080559033561598180522520096885687175687069345775020787174961944770577928576070520108583143396709404745084592882733720033716112101346618933184553851829234236406956757945089708993401018884489932876333515835278731957943245216358417895986203055888369541834647212535346371154703598743798160179722384894787633593047629158123657181259287353528579388383266
60 115321670718895311698817577501863481178022293638731699311835619213211501105457721739188024150669557551176270613394172592958732218530760621671961462111743264452957168904082964232440897463540358807308927219744119631619854469580900257405114798252728513516042292759149117837665503689305077307577805525280414229278281184900599940581487202898563761010771853204612935698011244346292436649228770305
61 3988780764018897765943255418538580372233415524982036053986153287096505506583183791048777352981784494905225150444672692057807071653487653860256295594756845754580829373391060141258050273241752191313482354344913015710090360438795976777257954293935219476375575549963560542171421330878354695943573668295773035380158632416348023965834156448472637858793315553679047347114159007871510247796317842444197779413263
62 245012323734747128309662481720798923929186101859441727670795570101414537092138312226941655841904282220078572132266870424059269063389890290790461914158583039129126564830886224978667134863404263389305381568617637851042251228819009947776594482798789362629057643669821059359549681905355295243726799474431044789254994377411541650325216136334290603527221704055136819370558920041580342662297730064985084668179288370558276850
63 24999217009244389037666737145913000171268094359839771558024735882009963101037558502445287348101294453792852863602441826638096147386827974958872524747182367688109916359151761564231423040449243509172549556013779849373663473754487312512325540410271239803187540733427198025649639612961669980795694598280086519977067206412929454854873182297462967434494769121319492521423328848249864833202409747122210579452710992494139038904044552184028
64 4534545446224065666171337375349885506700396558169131722708381175769243256773859989026151230747170433272948666186434010629488006835471496403271765040420149561636990101420965957651993491075766004355378303616561469672393151832342907392994262756822511192215124770446251289122715234434673067799955787422896026824533288004164224600324872799490643361361251685765260704538555572002850782961914568092201751218952130424607947676152677913119069150583420290
65 1365656583886940747467192231108980013467802484280916961908291619472353500666470763488793495209824090253527916187227424979121968657488310730593638088325569200354225817546307758931901091086561218548233716206238400655253270684546063580558389091359172853649477094479594841316361650087974674046736769424042335573190036791381127260204406310957850979002385156851042164290381248020600778683582805391997093540260789705593706293656426753626529580489713765532723966367302
66 731802498037688337891262554937836000389539078800261590574895527308166392405432315678678886141684165644207256978523037099478263091607992517023222258661522541432206482322079018355824646426322276197848335264047971678131477600586344938822823931007569737694181972267601834960309376616617315819869280795591815687130425282168890943155961842330814661709347354661415112255278288596268276948670112260432461231888977324289385197647732891395117603181747411237988000386094242629972999170
67 650899450715386142075638172485163622226374052880327600700240404679190356201779142974287444463696695333609183327277934690895260841518464512704176284227862174277615341308117423906103600216883345055600991499898570837093424355388306053166179989760358331645693802683925041693436903619052054204439321132726037415452377472646985476259773269790201101022745637081247378137434550770460513948141607605697499680734696097601758705571343810791421305912010499459881768924225365088036974124979192529782677
68 1030829224988284823412983073721730908455789277190222457032117867275182250846430899048886296609367891415474274289123367623609999520766487420903953342836071220785612645089777825398986803409850022227608375862384829651240574835475124031409738991424632470211233245782626459986827468102185428939298648303301139206345250517994635322548037611346880037313281801233313939694519569346098193121426781114832654621481916938582158076051510150010097757080783617869347451252229612497652663550301998345599169430310689363543
69 2709234035239400885829211591090134487067957879569287339566270421734768035875018108720855425769751110640256452771889382339803120033520247788061322026393003169256596866455405578626436232922480483511344152970320691048313225361853444103138878723386553498843970951219970440270247849836746106540142109911688539328369154652276721460473920348779408492268529094544011173976353469034701122788567662608311799906998447962349066790402673360034432411731080077054961636209372467793235786508791813819179193316142959877877568112694481097
70 12685453360229206932169758820250327287647811517359809953568854190555063051720008090497411118728394713567808363273087960989823031929799911980369870519104558797653657698089550008198706213998438450573456329264146404882640149237055306690300063420713533028306193406045894858090477151746246988208041121493168485432948279460328193467008925077412957472566975481899095900902734407548779850796766950417888187999458979432254070578674674294993504202320794771616984124016850461872146527286136989768009508349267094352630011687997888512413881399138462
71 98564141380671069209426416501337715759706025915576542220036135387790885438465933751184643434452800242637963561037478065909928439584308737179789728322379433655782078416266495490143509154794367610063604738936012290633573437253911906574443010032270071348795725862350037994072149036853215362777808006138947136462682373983695138596587197701073564157600485194011649305514773795898473196291945168980420773624011484860824460556426813587334651782127831518344881990457930661711383598590937567972216330258574899005900330312498655809593516954155416613741847805412
72 1364969239217340216410954693050647411480098071944604422999570490064885432462212112351098007382476323203429841805342752365525253226426758115676476702029911639733884674472409207345349595500008862906584359459331994542763833877475305337344030559885476453942589404393025189230168681694853345555535008473395423800770060064142255986301036071511754532883838856352778538369611695340863686691434488639634533087598723896446673186282578657376231516060636774486575604538450421320870474420114580928330962828496876815540575074163092760591251233694034680511638300457466205110067589818
73 31368185438619722996057943386525638602205389656367525371633262560415969996185292993606727779149582667953434952043681580242854409406039327900869394275030202879483957946931175674765835837458594382165933348634714421041523841422641511804377060775648218375182286556290055120593535216318375737865410409433013659336433470388672694754942434792965591575628826201665148052232188658617068780184170104452011820978562694370316837906992666814336175583011569979252684271342886787230410958341309994205874478354923502748173451252715634168236015406285773729909768307276995255431922353216280774790368134
74 1285250617191908857153701159558883022064262393012815404178321404620386750220602286687603727481737978801741327047135519788845018176057371648244439728838807716241945323593411559374508239906452787283721723527230043301010559699825836209845190102298621626940874529142827029826625121505844532966140116126633096372032059855236279732312806861955895488283953518076733797572188411772272144384735327145704848578250327187253558040173917917202694855173069673041820628613648156138796758094831129665303119689228291744321807126493335276308533577215897709336087663475801468515051902545622503109249859372656941258437939
75 87396997318916173254093414821570617645290956688523211465338875405341162905626357843732843581583591615495372165006674859924739817423058089773637511068639872380465988874099949650480549309089692235856701084233467140886175002403414250344915682427738095314123269382129719975256610736039841984153700235483003284857785678855996238403050874168126223702620665946078000448331263352099865736006834694530144679189841436525395635294557520162855166454376795639122269647266026655521710969408734341794802913440380436480494633688482059100387150497999866447645423798915358694065122204672171927600634924827306172775612370945764629230695
76 10598205682931899939117667991426630222410472536029487912256230343059567594613942116396226963679554534649311896672842002916363446628248085826006927812753506862280844360320240078431933836717565523843396363440403194471223794014143349757155744844219602052169650656033257308166354484743311619339089964533868999284398876082262652125629055262183834027434665275637876989138290480166289538412213167928213334783757993324373766560243876253279446004805443213724517602521449610128543731591172043779896119750387756036239887359812221892098426062582535614496931473163407721072130489885106344704913677787165858091655992015255228235644751834830113406601
77 2133343941253252275841146478905616300001668154864675606285044010290946773497899927328804591790430611607245702999419515069799127227957987273332282096483789807310394609094178185891122278857718609551599388762400681515845497113849808667868221665701334846477583494048470514579445983242441202468668626910397082211941812230919342788291335333260884675356546108456801346109037371435492399584767416193660644060172887794118261907750713518558113269643257625297301704169940878651592561397397085112170911785138908524516658597755860251327573843444533387238874749642781519719073616594149858163604000280684470212251706742819235126100267443760004742006790902684311339600
78 765897074045132660781246559869821666073847926040128599202607103517113750451585213020790503230145263920975295560375206323949766772758089446606655575627878893163414057890154244548267510305820157726337924138008256418409368630415266153259730350539553788185264577452558376802198777013796617649262552487051426411987480688626263980758581256618922526492283747533206481728196585577772842422855561797182853664435690565076821897058068243970004790291114803113744453377803580524717328001227692812051298402937311398292484715995262812344219562311127023014034645896152443821043974140578448318188276143119643765287467729926974033450415496369501526463427890684929408442977706024364956251
79 456548008490713058706124216178051188566940541169046006550098481313951294789866428056334736236659766729422852627858274865994497861316680345533565969026522533351293514299957156656690507086587686387291191626908984027816194601687581482565040080271140884067769607326689027287674530692104680916394671543193403361835232268441722215362946544114438376339445946157492069196714858458133261894331836447060021609882841029304043835481149427453327201154219221286071409027455788569893464619733626312722435716559793694297182026494675236429164908674603849064892801955770834714344220007173441712022679392218159627639605358486038291332414426060325933474755072586324046092347299517819939706251972391780293317
80 485400081071142721389257237377361383726209330269628458585816836781361660843228689947651711036327734360169367534302058021087695845707102804711865932003439735023439305881359462855853660161751394774105615129952158194929529387595715118300880362988015561583607051759988990676647011501064179634719382441746974784223956289162099604959800568842825488532886107340051921333111506340360820456266264463610347640081656815642428677716532309530763185891652917448848698162239778412632431719995854029017840308425128818801575891463943366457067143040938752082390836872834571830868079167895542651840118916271361672873543549784993463465722121114492370083076114315946979661120327838863939849361003808056067662562298785297363737
