1 1
2 8
3 399
4 331590
5 3326993998
6 382427042867579
7 521183782129866273078
8 8728897836564446427351546575
9 1850296776844838073189629005889163612
10 5085095491904582735697708732007224208697877459
11 184819445882114717012289663660695219034360312224444654982
12 90314399447202491188384324187554596590972866857293840706057977525850
13 601682900835109323856307139861128134977027490196378141651060530766956029438748250
14 55300702574552763284037457377151206055433340931200432227405635472276447624773154602652960220207
15 70841487177580291155528707762269824353607888666739028642574069923640679457818441893213600462640651902584494646
16 1276166602742695963005422787627857025321930107247563722440930495420494410461226744534762334239737437213190223102302726715005490
17 325828619701889395787114417559447071709731523958901069274701628419771103060320514883079220626458087030833114561183614551270846193594589221977296
18 1187254734051155473875202892282814081544900663336502814542897471066101757710125904623557047214795755186117732509723713517905665042956456736787873882460968991166204
19 62123567254531209630908805050519626548736313573393502383454486227337097202312343456655084885142598806362627169079040969027685892160095784778238341927674335309531324201627764921232276
20 46939240245676726891382120454400009798787740041683428000077647272022077045699777601814229396494876193809642552438721791162592350225729034592344675171007246450753655616029410663911724422228532958905381275
21 514703487273468558865428938269636264116617466252024993182233835435879175051741572884597530632983679881044889984582655840439345201097102169067977829125613208690619444268427674270169224915555741791837489521802271481941371114766
22 82279449278347766759547054353356439255825064153635340035963014301995482477456270978851233983740283642105638266160815582807856070196286897265919246975171615407675310754008298751764598606647593722516949845955451245160623921246803506917659635224289959
23 192546360434923962442696599985007765742617315488791091391291878571725994411420664089242165224128071643706656297725959761621477228070756080600988352479625496180298282194696105765485873929816542298998769024423629944685521276831433931254268793007368626925882004451995024046166
24 6621134694439450825186425095614062524414652716707350825996845621775513462826954475268826329686760675530748030807374628533521856814837771382337158876573681075874010196735497770814403784211117246008510046574021144952512820080932909452780485091373885014109143973976685218306130349999170785984481042541
25 3357314147834454758792956984480504430788857158818405625298731023252158496364851555910361851698026519914635586462963538222115439293789008539342157787561489221672410952668477045337045137370026797447608469163676052561796389908447439675271975550810921029185349350258592694850685279317820851261035976933360960682836294765352344084
26 25182847897369345114737656767825514189433560398406426765629214791204504076924442846027462973769025567854182672967847031935077221838091882795622465142912374753520906353366654417048041722040220359260715866181942124643058334798336382402173675360836499668245929068644550517863867576584592889779841098648407431017284211152248605819423728143250718198334967673
27 2802572488564331776513541785494881918409824911887324557532017619452524157067876472521344392729550123074746336011058600777731488544065385219524545302261192971093693746550873111576737030948448019880256108205780805226592014725795876707998089205057399230631437988487346015765455918625814468245296647414527033969907732070043389197935492636173525855672572840353514074563388705764729461274
28 4640238625060044520860464014099787995469288974981758652252296908269451258817973256564335153516782929108463021981781972177516469179402201196489021466453087977589438238574118440643885313012126200110578535006920153243927123942836264538128830458759294401778322954251115760490365162279545339826013882474595069937604312324998911570750641352590211404973175172124464800460111695782687139245064632968350910483806476354679
29 114594513368613803296694354311445047250682386240664209322377350738552396609530701484313971060197290126704566107073279719149366341015937127650912342264636203790635541601782942169474249639955424816388444210592018151578088785590019161579562300690492958507352869989342115914553282894906424151198046441959438433127793522109699388821631151193832625878701579733684232026852424939194192173909307586471582329074982579234171050169629601205685192833623850
30 42311732036919433332877610134738496151094654671980605072994735713233638015859218237978908337424344498105669257504453168426477146455147681441779959386709245325107689634159889473859865979071119131377709916956820570499036871561769247799717597277042599342248904003146479491816978031616428018569448647896962090664103151817483072567107851753247551564318665974220295195778898746031904805448615588192204631517008417176650023703313832536392453887119911181715303417912127327442790246029
31 234097559931832688169969802475250560729311753484366927603283380851388673249464242397600491595122654050640582902952789156349449866423584079212713179423043366832579080906097674969074109316895135777153841834898165777900348290835355816776954599740141959456778492578912502250036046600197329019928282822171867650888882017688632885939795200227444556999999312426229691096032087886328827268532425483644653885603630881682147312557010083397145749052375118448232960546261445844172344389004595166419527581601904738788296564
32 19448064400395571584555499566237324364966818835364939531258133288874596054348482812231092567374224120984419535448571493313459555431679264814740437244459141074061960198674433879354886126437573032182788771601270877999088720658724585900177646716722389928225431529128765837677921618216915800069139879871819742991304080651624927990164249079288737384895354363633668707569165195959229433915921780697280308027227368133138786246565705361126106162653790579595609471282858634374407280730955604032125168240188022285774164322728986059424581700416871809544888
33 24307927956648105490466277943833924488987699839493576116267912913845316355948402414475310670874500910287784565057573828256522437113986460083676797112834459027284695591168057467578905626930538378081967544251180626062671543652945117800023986582628180194616525823169508028061309891625344782836755399100433231055377513728456600613181999130736217359408029979878165414047693185049468327338410931670837380282635616589176551311667127781631308076205065354872154974982278320601172341872385520803676088768550298741726862628593467636590043423841776502271785378259632212129060432945082492818508
34 457940997095189951620949857689214020556118228547340503323725232778195236107647285580522427745071381528430553137192941326624880953302839920968231835189093863207763525529865454650991615321646201753253136113280999235885781759812503742745481453452256062523363862136463008687072040270787604377489604342893752319126550500443490845050176252325691034966227800992989158081062565648725150869873974941572411252704687929480152120372148891356305359957452248017633949534843078597399683238657564012564336047690193724526883997472559891420376050641528386919807053095460103916595457844382877733924608419588402817345987355359366899784938
35 130260529237001062812459674184944419840423213747027936628851652454308239283124571556160855517039072372700318443836089302741533782431166879223094940929721789400404296084825109597744057727573476586290905861386945424642064038088186679705860644128727551744007752227694977265018113236031550061483588223269344224937137634555600348874161620550178739810792620992510587379256214581686859780328558880209332200914542339460275847464819808122847783044712753645895432240226427067726391947863588934119938129849803446995014496497867334007065506599621210722911729213305942815649030397526543761934525566872646659072187253808378021094367907506174278059269120045243834014361788
36 560360121902027257817267821402714800473644556389442777101210067059413469717214710640665387153277805262718126927140787289532729466973449439546558830852412729835452116944920722381597645231046797385467255313779578838138152935628903829864372483219959743288164137687360827702941778794964665117578114441072464481352024454422295566466646215465829225998453985944309622391776638104840066835313026310503006287116852448513812197854254000536086759569297181434763913467248907349543807294998142434033674548346934199603841458842366403520526087243391693460767740407547620749150522937414320480274333283736373759936611056898657545520033473250268060624533575616867774773837067403841855081040407856673220937021385887
37 36512631988180187120688045912727914616672245589267444351165710638361921978171671820390399087470188584025587331665202530103191690400604674836790248696319123343830349098927320038441366762997371776818143232423075544164544187846661605240573249035958474529973680882555183400696941999759568346808666623074644024125337002586230588807962254925024801614358011555898921846980436227230422656554068846110176052322244955694197962494370476811222742233165738522503763750597716145631263869248421431548177651142358396836845296861101829292693432214289041129485052715409449645360354990068281767069335138222261547987733466894409851497723532301840645648491192887924263488759613796392235302789487915447996212833548542260870492842137043119368831649772193183948
38 36089037229745150056042778316454774570901660978580696711481685794707659143246043280664835945988781906619283133009045866571085813339408630572992775839042833284129465800372204979445097543391229015436622893033613045252604529982264984181635748924871128936959192415236711295898119460929795414625182983668549525925133973309144727770721708669347657566144419233011032088782134763592277346535858553667158597378406892596514945920157836984266073235094441690932284071048822795692671635021376025772219312215120151608476740105416560334734289072042763852427346919106627766710727805323877888944780519733087073613289690238306316888259481043704968523913698623006580494184834331448437541220303404359650283293953405761200039455361925591270257922998480745706798774405504079958830149451398972233509460
39 541832953247950049653583308221526845647418242002487105541793252213691318524915590984898305153535876592365168154099100839769075867716171381546956243900378749065901732643820032611139714390456083605973310841049177465610849732126518256611505318103474347541001344491095950456298773568712089956775129961182160300733844104568510626318723079848747556788841515082257857851774353933783086978409540441078135009855467899114323731277128708195476801624332723867949997967686639475011687233104631026893614317948964149045218292359760490578099283726743648130323467474411531583160434772761252257427438062441913537440816413537340195261461033362940008777086192775961881726319188417931793239214386312940770738068045249091056583791224116072062447399538276806103874524288859113586186546301010945806907084601185450212356201242768909721389259524628
40 123732773176830870291992108545718807469148381201347418959758509121903542455196161587619892333011578744951719651161619235493805048197519472731050734121600497628014732990045904803028671948573797324606958682194283234452980714005304984552086515900864540943758028434693955302524692622653828181861689026513256580398659771257621142720164471435852837394665612891693242669317923316934198776919709637817490601977608479448893859916855637207574338064279694440715886563725102326505400239358740531515164986117071337605187276756787454451220513204757681202999502239614970488223708169701714235629463993777249946305324736038647363473975087660051460924863326420471829553425048871500021296424590193905299549843202066409392579106971912801914064878901348626831902603445740299129134847425736106583685768772123111768181822238491801786964538454873767416563733243459686947391177143238891582290
