1 1
2 2
3 7
4 57
5 624
6 14370
7 527260
8 38997287
9 5033647724
10 1290875837482
11 602872552560480
12 555445975516920139
13 954338054129694061804
14 3223196058110118870214556
15 20606864466652874653600334972
16 258557804192886101771244167531002
17 6203613915942991306080147566982580816
18 291965852874570810772551120570789919522274
19 26466317837597354492322467816988686028611523532
20 4706613200002719541764443957222451673794535442250597
21 1620738844945699299246355168673854217184755687411244685112
22 1095405912725306992567982832270253488831391358835068151529751526
23 1439429090918013955607688068070296150649313109231826470788542833726720
24 3714884730016622515235696613235856569380641225985605187904388170506260769281
25 18699557319069722458666814306756366075513570386339968269654487438242911527286000380
26 185001640579040236829016741607960168096948537115108496505203527877930580187455533706440760
27 3578910455618915267836837210769557345632569516867783967822929490743813182198450274843541158928040
28 136180241780324120351303417811705728779220696677073055960616985652128537720376150624629580914150211514833
29 10153216977648782636157331968121488215493757026195053269399269220067385184595468322871733725354332511082006908592
30 1490074999045430964323543738551112919140970237969416236927015944322121071371532760640204799943982833942554328309623421004
31 429219940759908115605090509245705039504917873945826381005020680722789838604148101414752205161965652734594969701858213052689994636
32 243546902499117629879803868650145388335393171772801798418819331369232648183322957002961390494535434389700655129025863055908840223767293594
33 271628375790911471579790921338762855945431099944517304920039487681804527614401833130288611654584332143554943209465581524224836880542029139096069580
34 597172339037832875488758813113277133309315452061689542368271431713422922765239833810212717261978042622502191384420769272115515387236968140164123941121354514
35 2583711109216533870939931909623186399221674204310818907875856667956540589044067777777861757167212812697163930227704912987707577764031294824820641408998617615759112548
36 22049786043656805144873571108968949776193607577746245531440852039184708658962300268998863704120695091634708619041680850777155304983124162691565225425709076732629206054118960188
37 370715689319587566121439168536612935504448799849504216510850148047756353648339274043635538052355169765529841147301821194890021332215987116368839436274382003517101717587748925755448333420
38 12301564702145540365056569772761100664964450281054011039790558104904310373460922371212993830841374706538164605175332757109274909132347407146950188859794521572066703951510024398946471781432812708988
39 804920869061997987385227018908752050167823870742023924792099596959238788678043458170721915272078660391564704241799758511160615325591481889775470053824458614888619972247101830688202095694029638803384206326952
40 104010743127353629938811438951236474620708655184051514993213374368947860699490904095265225961633232751065839237883412920359196294424849989909787604742439712692086354993379287433347694243169000437797447295999014395155133
41 26523186410959409298207836952427077659323002690929379541318991811182457909529165270913295259197390962317106624446208846721012587871114299613063836723931195915609022539180061410606742277987784498682924530539287948098298097030518544
42 13364052268283290853481442277801798496839212131862169572232604394951074166391162053891821999151555041263441803835509670759197391463943232547036251844357801701606014374399652231673610014876299405045708991932635621400869856908053074113578577054
43 13297878171740926958941270001307708942052814276273088896218086931666845650369317082795823974788699496286400335719316978664353568560015920828323993774914384168311442926168611357019465578948353719417969953564779067793793980019586420411793354747309411407692
44 26158246256224154525057258708673481136793908493624580427108352526240226142266261749598863536968110304442004399642801112650519512778407174001157821579045237205206068666186126592758446285735573718243647104149233837000010962821910784789920439288187808128636490276168847
45 101681659807169498394338298595790764952114308783094221805824304729401073896238177987641594915298991908248720476546718115815950438777514587875137258245986736380471280280358788977931388967381960214367585890200635209418540557801187543782586060846480208316735326882886672600411486252
46 781737951116195031227528488591509875959343957523451770001873243908086268701471209693376411426649203586856525889513445572817898809401051488775388538396627453037579082927564969612879542929828332843538854248429501486334334004471407488719840741559354601532843096445220199173795601695514976026510
47 11883257651943127703014727106244964553810770563669023931337175255939055068389069988724469915795131116454430237081804641116083751938449544551967120390125579693753666565830931615948914745072227857062781296917557182800133952971276336556410504814680537668866159847866198122948365474114737131700910469940731328
48 357423649876369677354564822600913033972233407075338687171815799259752731345233547112004883344515573859335640474323419755269855760798521257280739532806899525102210947841013007552319219328942699961157904286015308047867949914566057425466714755626695121264115200622183941704563062416972967791770511069610049436791854859088
49 21267234325956366270212046638654456610883776845875903862492420527668027996181832915114609317830872633039578113278814408327126574829845758680664786905526251887195822199643177725624615642901793380018918977297202031487850913738302127130915323483501241963336774788028266652965405703182023419648022748114413675128451914454018607631055272
50 2504889292971726023157628201088277148238319168552359996356646332264781523247887944740977820995398933574368587014761417882978006545391667347576543757378891971135312692901500445562391442248920156293834637707547299570568187699443251477901119453540861141611887191392359647516142595647506071582776286753439297895577788183358514963998368040233116894126
51 583915234903946928380718978298614054402877894361853155959818497195380099831568794858114938052319931533386810703981786194642497785663094031310658134236312375220251671479711684898039726270098281141902982278251077712840379579387769147417600000874025936483045624832027163839922420333820730702990668613766780035154785911382355774686789955013722186760800602515715932
52 269541497694774293645208131101020105206226285420992690760529416017482124240473255066437690189806334404295338417292421192830811685779479390349376788868166978342072371748523800802758753642365200411788664152704642515981304280281685238593421949775750835739668596238484627790210494676052113032469030358774111492820186584516260952513842489519801075706462848870568311493855606939779
53 246360659560631024832489453194093019699218359534742022836511386053183326626618867597693673391876170711250778644042415338586621306754779877190303207354643782997960860282232154879954986432337528487727035441293046983796167087250568160627896597105168952290336421713684268822430348544845666837422291887725473371447503722486119616835209128409917249921053921125018683799626983819725261269633837936
54 446052292498159821913792714230548665640740362154098901024878341780277892072527287003365419058557113991669154857380874646923167700400538539864259980056069123750745191352120097143999262911228572597420464726934396780127405294865285926500009967483458201299536430743180673039831676281021634299320723740362596128545441414219838174500741188291640846323217784820024800074461844228429865663952084907249328602206484
55 1599708521310581422797222228319324987545314662130066993719235263188396211778493163471071645196548882747730889812702513527114548804759950967510355944476106301424883668910311595463839156105355257368677175287521559408577833942501956354882376191766141077432206785502276828512150138436815818792839724574320751827803680460852660982663959972988658512222274174326968231765319106182602313245160423562631359927323242885469662225884
56 11368652729891419741043131389852937739490800877316913157206915212718338337482743837610381211068087028597244895828643518625252481925677818492537814003403292088305178113187332966863291949752392407862577436584569878577488360956971930867087299367248854895130759825781610975669226370711937853025794839545095640151073398572727945608886999454139537060122226099040407158830190500466871637171396545609915281994877297159757111367984402012105697225
57 160094022683175880399277694676382628622087787188614123423203938621463812322485818676566268261654921469913454432569368225326957175161024866105759143710520530877523793957785248904003302516078852396124982750122810760258054712483240582473573951097987568634989321693984792488096015604101249227024850196707968751773570271680434220840515429390992171382316045656008571407300548183671483727562589213862566978615110961807435375796690465390530891161686537229895080
58 4468787234647598235134204483449065078610867890337290760756814391714227827074259932938230559323196898193618380599292706183306747259729180875747910482228735423948424086911890733466263642888598113057458156272294370689033103701404072292413264744579474718826218308079440283071308730437516744588126979466331038199820591309679234688224156980218295835006059376786676334581483319587356648215404274429544176983889992672281101155978253641027886355031386416995983847927905995489498
59 247256462412768926351404823375567596988615085088943073074930325782135784401529353791640648310611621187115563692391475811945208789702001430333781582379397361515379481259528678684235224816489930848642305269880726938499358984066407117350354862298674562003506504763040266674054760619729153277308386155475132364243716646270535592547292567968444321849656893296243921401054178547564872919720521353282905796052797351502504448497858455109853536089488327433487610937915535987143840905372118946848
60 27125715353488481009551505361724395830830401142902988840612563602994597959423763612992426423876301803861549801056759912869126904354154679804785367009495166241975140527299453552720593527407244764020759841090824781148446716970548880226972403357740508711631470701508982090644641942716918039457205535537013749392598709342340182557338119140061396724114882522974310148963374907090223954543861064813548055800797721863476291541186882276115974579772090644790155035929586875404523827783142760877461467309622835673
61 5900557910437282270081163152186452497630952291345022572588172013456063143192684150338375882380676799082896456080442977423758110595350791523362766175108199942062293496297130307203553965581922555041983877709336502140767445949939301840247345466307841673329757870217320915764276457711333354997542970045645339048070470182866945723413959360856113509024052575154364177590768094225755323356065850065951206112591651096829010099519463234903602416669101772415196455534508355605069073844527139107047612117139227718286853010968414188
62 2545658084232916575107221711950350332727094896240070492120335705241947020454043454172141006128360462245837815659682483425334887195539205751300404238718921770298815309215087868251835822285733284804674682861378053266772064183236708226447991720273254562586436532210689125741470827831810520659032549505050643580494127543966576633111916907399458498341993043627604081662958385643658782383560617218242978324543325719457531670320393983197568760521042854446940333231579474707086043004720497511280139965416016420644214143829893861678164545074856404
63 2178266095866788398562359162033131770486096164476796473446038081263639480240813097813605812383997763691233839591348023996574941275611456770391736265106059448314112391766404002526048494274396789959478197522552402159589624718047177129496455878108628072905094295335007638271204345874524303951582693649383673855966244024494097382646843180899314324993911050666109476948200143970736790700027323307975198488142034793828672314228799786973159645633046812355441023364303222137625612214593995189562560565624779010228590739092038322991981994023158462770903018639933172
64 3697681221343690762629184953634215020589609585943332483859765230538426759386342497498088114759975401987870238054008610289270483291754602505623209761351934581948554825451787693456217144084920457365182075865405776719291016471427082239389127852429906486242758513473931398838118748112422497132237382470500246352983852947447364110912835510688039140808407972903375290897862786441853119327924461997460817769662198976700767145660152888077347013106151331692497920475726892575322866539698967751563953288051732713146438502087763003875586063578207824213547649992178051345284308634107464
65 12452857262176483591533565611767964088643312772954171888036403234814736672105709583525766386245689373930775221540887549863147704056922096553686545046137725575657063454507627788407902714717741115095750698281919290733433067746569178076961026894507750013297180192145428017668774000204315904487317705103638381980611876013523677454604732640979996828146502884636455931088043712288548994195119097765650465656502005073049292753765297012490875637950654079661873129055348655301203794235977342947109039074296690489353207989312514491457048057803595738163700568532836454183794018602720335327565637278382756
66 83218972943566070011784483718917762302500083986032129916939913990845033404651200294722458206381192132328146124847292769079405517558500810418924520782483637573155137833328109094510854368283405717262537756362343152385819008375872183542869429334108868170729796446404183763042213534541279693117826071550446093163229859018490414189285594803669928410512156550412072855770576722651852916889173706674513022768403076360555566099647861075433642148007445960963886448974054964200189582909884239637383608057785751361952334375112531572415203092399975330056387676636961586801522335375252360194702710510650512402697105481981024
67 1103586272977610056206304454202052638762020776883885955563494112177482743990921873790879832609414295278557011931588538934982810842342338665553175196386983046252753194064305517246277503220038870616322855806121198949421517771836289436277217844578664225433594675481873086547922573367057222346883124808296815797204942112555106741391013702125991819014165755865750640373558127611760079812148055515834385619738964471725836629221737838612114508975153007977723293632059863722829409488174674800051981662876423866672927987136189026419425731497978105763484936206501949352182036918875325068442945801260846171733977700884457953024488564188278476
68 29047196026894886900247822004797246603924031717393326051834629760645310476798760024220802804835611304399651790336392321451932329052102594606519437413066104041129472617706930464201781802667907639107790765543305324970120730836195046984913728694983353776827330897723040418133643771901423083270309106289881329660307329446669353740383722503687188401074140669719670175309080969736551001905565851804601826538933945733011139164259188001836882038700760908665899159219320332386383075157522447391194027658730543866678091071551320433902713883082591275821238022448763554450201748979030568017057710186850272992082796643761289878199952519918521286106689333342330193
69 1517523797400916376240053509410127905354577942686600511014839425836802209859446707396181967398620310600518931687177586712442518004607050925576073416181469268531071166154950070321089513565918914468851379213036629237728621952959952758763637904726005086805888381132289337484814567817686489307032504513633609135527336016033851880374192819649403585442497221658372239515622344259151347184487944196543697798612581779512736245653755532759959215634189873900994180014012006582969513382137504483420754557829521183378220839412317780540577084281379011259252200325877835867344233206022601147423004292169474754812170050217569232934817173269942710049621619148472126222058854019689302380
70 157389407470977493407482701788957869608944786873726306140015838634034416122715428172321315929241033007215131061950496665296437299709572093468237288997775970324696750969613738730952525774736261592398520929861626871660885561170887380320456487459246345292953184607425834352861620923119591676353356234007286648953341044520993627608554287420647908484013036608607566990719758304925079662384478804775659240475759273404280587945172769811028849704659566524282396883438405272067879590753434620037358913907177624940728463016350000645470112293009739751467925400813119862935295834411541502193128951911584299456037087074439258260460039084252407848013476547383073684953614545332915581057353838794489605924
71 32407494180407635381702901365685969223025279803538660805869715434199161113074839432819927913775175964791203728189035530374561317422995452252143230951000515067117653257016437943900005247420524601605898838365830023726569837047046450442395335911518532815662003692903940585591951259485452894258114592954786437768797140547263127233211488201056879398961187004785476000611778321187325664589951087184106666667904979473715830563653987050721697702245950443924140062419093834219501651536708079225917963251930070099570461043981197267940324491413006739482519000522221709494795349998365485318398125043538558770308058516016404617852498959883221018309259454474816217000306685293075579013478193832150362091502612655141280269952
72 13249934727710699040230187370147215495344949568252601456597665609302380084648991096076980869413387162565330874241772554821875960554227357086296834514122663670722161584561790021348170981768282976043173296127348453326841007178914482808401706864193366068415372487413708641719835813232814294470482357723454740503783812801260425312018432710346990480019949844065534476482610472984800142052805967296291561038104265302197107346237320985803141891271600731948779077674614307519699494836008689720044651393460311968291223433155022819473276091479090943429823554780322331545281799853361576917595042709563517943270909921836617073200226048519194261335755125696646592970613242560449347159875141478836624471608802482806936490570325308519272881182596
73 10757292026006660696618638443650913225223666522860658497823589647459260822580459233346068730570462103185746247704015618439475170026027686501467415475520483597891939701937976807966261578858150950563513639878676658189798565348045987354228597911126577467991305044086110253135044571640384440569828382162038724586402931116857840832914103258561674467053663494518554220027143914756380859919357354701852739671383139085915931572919149117999082840951278702532226522979203581846240527408226489886845764541499900235140084293157860558527366642641493081540669470927940380295118602194547628861893854493955678573327991495407269540684957709841132548820515494617383794040934785055929491233916047976024267143180894627057400093881980547017646322863727115602759156836500908
74 17345046265668427475575964529027367143823576219581974489270159195381068960481661355913930416172220640010429306884488861357178495603061833163973358785699809406859231194550912851929017909080586942774545384753156712265251232923070068614202794326075568743451627803815249105717372310689219422412825285566990144508832936394332222053628819798964713064455305878330987436806673236561773382292532365227189456104067789361535294671567131923148515338601443957595544798170182475430648683052928189566360655083579317960705081210650569413701785087938805129694555590408024173824673435555795625698478538207658250344394015238804655292592098205789886336553507618044237948997416939631611593769400477434985106568632474155918433534187565769261881903413114975100904705067277821304505620964039641128
75 55546249553144270754402689965827192020785909810372036569202755482348850976983407581628419724151576776311384928309059296462746938084395143573171340296226245920296668880554141843772955075292413645595248558724999842326358643586978664758040548141789714772358423205782089055769221447991695404542104901551776767916342623106529166337377662930490289004637331693144402514337132824238425527954140829179904980923940225686047413644167738095176345932426239400122194702165854596006302308268640841580427522324853503048542923821297928325864178283855366992038359673381184399924332754155685594255121370832318119252377607583623915248918512409497817207771566143061008804968750296992695255225703202038942668329116366160925991915554568947736749112622417773399328540346887411189734653721559155318902339025428483382428
76 353344147890321590083254684173107156319424368491134456304546831858143289451199936219455129537143507480660036505394544120216665136834986826346952536021951234721523302035725665722280299423939550603493800572986638187319571219037690049487015463905032538718769847603324442511200831894549678035481722765572378199235991379107784812192826953415346926594162241604643747926612725499214797525079191478398005743067749340145721645316532782106360958267265284720492529161098365492617264611733562201059937719762869419984072508056362587278875858026688886867419086718894025788272439165145463602600348636197809657198826535031675245613327234164280251434633010873576611146697334712757920679380280082658313993028835431734452118429195543687779392244854772970621441444057775852928208758908902553426223093070122851302547008604033669440522157
77 4465077338018502568824758531063267979085471181927132188271636232295704460134332218370906456919232344839164586324085856284642836958699065133913464229243415450436753555140868289001610424734993713941460409506110426433702800750454042698784125167237793818138990758269409245434244556721908007525890944708937511063603327519718202800020479276500774206385737366183873865012432390094553986849740639144071120641258078456123891311520315653336762129393014292006830953892437877721823951040791762782198069744366933766766935025342702634033877082403215711689500924675675157124035942244001116392897504894082833649282344136824289723437233807322659549043564588080891772961770874113955326170667359695180233659392985178192231996187118300290837305307984566321628364321964073264295464311149970855714378741747912919511268999932771560595536761887578236636108769852
78 112098683679297177256764601373718002914868056892870020020766073587978777132872010800278051942204216285233739705224306158638617150235244728091277293093998470395903844599661941438573756413556015906002613611512950881474309592995121634687799778112468559019633108854307888177274309209661681361720830634278790337071065832470108572554609048846006747208129881493823720905557792023732491744160906704073975678332620104762827390150471978220729919682929948474657715985881495764982612311583043484904999209125510730504842061343061119288405059548454479806149055434345987015832093385930223949998902790840333849023090022348841540799604124371212793344448230890437673875493013448807984141518587807784096355027088788378036369369602633206749678271613918163271321021762212010003911258851474641809068166616523520228207028944030934220835030398882563175805194094531504596798776423837650
79 5591609028878174478609065772227281853679661592933420999234088700501682174599510241795205642009779344826806367460241710915590844632039316387450663764284198950574897779877235201529198332116715695920865751159854894384927018193521616496641233229008135151868479361270527128607369611382775808182273351168792858410051887197851754942014120107579209201189641490482019859739772004170794720184269968455890556190202943472867683860181514643574571356787690674664806712628573852968502242068644487001318921752333552624048529600125859962387323946462538359409083588622971994627262722560113849139360914726726424173761656893621257000174431640325465652589189069898674951561855608062800288409623727339737152921614587278389132361293005852307475518886551861048742137366431099597235553122364860507921522883629070419268011339810007033276657201588076048985853318802244097576667662332002880500855607338482786956
80 554225283738543764617092407298914537054156890086186042595553291351513023347129596378504893805283358083529839762476786980109517946113619179261241820023175656418275143187062749048218210279787662487503298861086669370308881786937949385466223708415967892738156389509898707321102440412404236480449771783267860743345006036342770165604142432278904356216433781963002743873271736286471044022272878254334874166277358836603911920825767793728983840630625826116340749093397097849232719758386523930282042213904321740616499509196566259207831282238836803080139756191495699302618786531012404676854217257919084554177526766398409431009107541775874268515363093145689604825581812122967957452779213001192358974628252981684708665432532003546651552180251176119448478293153727728973208771255720212518557528444639330638571344832788946985386547819392723052546831065621411548830969587438062577282389009401900295935915113826776056354712
