1 1
2 8
3 768
4 18439526
5 231280481530275
6 539715252852687754315145
7 108574780651762067598198835213200952
8 1695151209057812676986751030627534642741311540600
9 2092720405023876991414089448219191529079399740983012008304301733
10 209271896111275751027540310631824733689914002828903961539300367614636364223968038
11 1729519773201474325246941953953251075447655717951159208540207600284117217370199627157962198024903353
12 1201055396793010818054468230005283243609372792257847433569931515413528092958743410130481733966414836618538270267283211138
13 71068366665834959201906634657808700419188975292719590675744665655836311742847307701150487789239400237973579607172026098373397397333942240242460
14 362593707473752568547637896427321266870931769022323388402843372097514190014350389457150990825208468884032415660897039477127678706683366839834052621902217770143154535071
15 161152758876963907123619674202480770348753088404081666724923453071027463794973938800499773940837926477071636546549440408969396432968669338227328985824551364092445484171075446867943846227446015239
16 6295029643630231746458307803330238252433441647020272596133856834650686458809378756389191808549531088885501324337404290721189893772290075523785585071511322039127482006414486466386598733649395493347501539070264595515343550990
17 21782109493529750132274904199940925016623481206626318776425524285464633529319946081050430409021360885135591038775237957003637207831772483351855538330081026064600547922937024293170423212699669400495430678059969939195938498328838310280612645726503711143590
18 6722873300472128873537835407050751934113385852726725181597011978607435990531476826684153725295981948228741454578401868254464033838855666665877183208292621233149431704463230889722952096998826812573695515290679185817746433953459629844882322118793771501197414221464470740635328818349546992
19 186229177298396871087558790545677212811486307120688275607611089900005970790830040966566123812125280755034409887443789834217409710351108644579699093991190877619426942634723849058736378413076503057882262580321572085846835295143639668506161457327434337806537169211894787108943473216649219409473356733430596036248264281726567
20 465572943245992163565479501686017542465161885695622686167787825814811636962059810657830276547561518017523610695975404456863341303655843310776225872173766016520645749612438440861292013691811400559151937407514333593110761812116325388269203719645641358207533160929719865706146474685839435634560054863241202871108025984692348946636947289650840857374018490461118
21 105572095974147882537832869277678881672694730210977929287410406456245568901655136167439988609314733586408035687733278474646594703915610327172205063229411849107195854475520815560911681956356695597332453933805742516327941591820490102345343386397036750847182910995071097806371488461313302534447416483418865442684466651351300518897681022727353304130514528654328106213925890994486259830830939669302202
22 2181241652358427324346488012449223196959656706585392341353479115151451839448943074497222889699938893114234149405160994367034930900639284545101313694232340963516286529178415597008159822480613733251455782453563741606649248838971538460508816240224134564946192026980812976701522186887586520693456905104505445638581039277723592287455566342004628509327953670632493901735869892729474749834971905973066755773629888747324497242098795964223778617
23 4123330155687008174398396466675231562805702837046213550489873905406927778731053356083277382887563659460360082150847419885826332543164271960358519073291816647586245111965145872796138965781636866909506540225555675663636185816966068199204038620587902765145855675118776634321523877802523152264134331539988124665421784381533831576263301656729557862167139452376242985259012385681594105998699724192848366865436405615598398335115596494693337243287562561848024981903345518523725890013989
24 715855929806772252496494530266214328116836571863788266577068946881433074411827088377800081295605909904076065964663766980602429706778887738480287736629502792724373945801605311710599669629453005445272969452504000285413005609547033308185977747880325953314929614578638231098406560817175185203646792868739047013204353506008766325149102442624352376603053839010866258254216148029495616054362261490863406318853016448454305231482692344792961998576153449395954031156947727951881786540859638738778657878338121758016311162547787091664
25 11453694876908356039938277266379990338697648888718707258997383558718086931509416735384414234178754976358821299329379046808268503042286883105222219338055373207626171305502816103491583859129739059202655402012275026544357342355251371184009649477111311719581425155108690441202381354711712548272282351415262601127817753953509847977389736746608536714445977745301978387318589451406941903720311379498296545815834810678564927336741090294213655151992585456725746150505335360138684781518149630489355836700118004021580902109816105216714003178171002143330503628756794447228276117145
26 16943335616728337337185894221455733345635371597621912949572749007376492630326735895450107096113847127168110723647346078599392429818226076730650023582810633929327482673114115218076822700369402784341190370897532362247219695706205841347449376307296168450750307101495129504634298065268993446962892413972427251311137450789520163568622440363163228168384161605578231944193533431769918324751600795348093835370215008444864167577962263109004604425649617741034138294538626367737206701326570623159113497074760752660776847318275792240425098686703579559844380489833019616457963938976928131130400989465253537234738995932108889578201
27 2324188699139689621013140738545381008880039859616161253948528024962024548730917750852530812870856280130485968736148316438790391534311794165581447819702963515760013431372728379196737435763829910632717919889952809916885126919816679160841937462622670830782704773480108170149967592633828555741770969243981843354959773219962402330859211113859906044913312181694902398734843623678145332027108707297829953603339570450356321755811583876518207395720481755398247248053820784780515957356817922799797854780363229308671026837742208565885103157690628126592668146092248185829742816022185900077481231402309659173007278027148716324890755605129456377596091634812753599391680605620463853
28 29645264019638898227208409217775253415541597665271307323737366091821899425793958041075442112326525862455411015828793203542149899381292348446324803180751641756153677154821850188550065281414201250252798853714439478029814295373850206709595700668641811329893453803579678572668153602428002014567672002116384357449806725076086609882740404985279554648906037008444347204461784843593845043599381381352535518774115189196092408081365143705171031021002317074351142423119110300137105206069267957466781532670503629558456688361436246271998298074211218739946189288316520818571864170698606514980901970037262757883575445312541004965367125106736657115571621197923394942802174132996932164452637537053560216671336696710609908931954951187280
29 35250016670200830234492755311905870832709566341550273527362949021396459156413006912823545467917192945561007505945015439535767024980512526225693536363774338111728781555985769190078649467677640780113997659682703664576196414618483872913611671478729012482005640535793592347142462283974928240967960682639383846074921175396485261561082674543326372024504116799870034678417869895398660181055171030653933639432969423764745043015919460166512034070544465225764546570365879235328112576015513367246986733162835133875162702341783053027414935138497500250432462912163238768511210598360677176565048848295246503816674905727140329056613726900322771954500529579687332607369277296972217839132461929113530171491031350697512540935276012714262272159443366556563120863325059930952411612497119040507
30 3916668518911203359388083895149249997083727460164193515039572362721383756846693716979399727690733537809432174230749193370518834011527441667072461063722764414741689745554307849100520062268891876720523490857302550355875122018228156033445916962007821722067840929812714700984282872512077204063553893768459320841292565462467741205175211165276556173335258166142494867876276815772303186171345207839732609109502903803297932994671833198663424761579551144737320990584564343296641639389048729430107866838627321136679740204848085312993593941862018297887353108918267063632434924212558291666076347920240374912397277990556085834685344383646692535676474961010431066295947788010142614195640729816052653930982288061238859441624645465633474708060428654929965085843529825757002109512567874728726533408271471519704797903027756839197643963342543917236
