1 2
2 3
3 16
4 140
5 2608
6 121355
7 16591090
8 7309784096
9 10718851373762
10 52846135304078680
11 882072359301890103542
12 50226232860475353426232790
13 9836948140981133839120163839392
14 6681819941316499253044138494119887195
15 15867764602321709388769883122038480764894954
16 132740758645691169217587709908132712989016375183641
17 3939166204771672296247519756934690196309212697928239668968
18 417362989618719856466979825674263414695211016557715883659372794079
19 158815404737054620561621116866825477667906696017073062128220584700166945576
20 218210911815387113909717165983122462000618056709670149718873714131361642841021304947
21 1087920745549854031703557427987359020744325332976791743781803999060013925287653711399516017878
22 19769813024013778443880438273844357874665334837807425123113435877260438531154901435445717499550931228137
23 1314846490228730264066682629825209108447962392766833188744500754154788810157945200989644417550499244263778116425892
24 321255414335030946130501003651536905322078214150516786251552030716060735223932545455209364467056623967851339539204922497492707
25 289356806418289287598293248542410151454681753611307337244337650110919140105832921414630862462777576120159910582060583754716859427263456202
26 963858376677545189625382302683161478835631857665426263618302696801037794444446587859839260897534688750537860553822271673146370921166836788087919419767
27 11908951674970112336928887982781850107792012275280238929957503788292856861448365774614920665778162483405395788542403466178705220982166938383076865697333618912400498
28 547275723014039199425036935643328159398438653550801905942394790952140765473601234960790563366686179295274271832929087387965724604548670194513283119198066550042549551437744305041
29 93781974929267109086231325681662628203659346367692970497561915341137449321309387880034827484712707558283023463781549575590484844132009406435632336649881514358468101682173228757105077864999932
30 60068433174631952912619240113900660385150127822641815678516666428832452344082611838920342012729804765743038646128109357844562472332272196594563311522240877884370269982630074187151968663065888859816237358505
31 144129369892545402187071248657559508768894566682071725675486570368516048725573884315823325636627631971622016170418314947258551661011835466986836297824431280296788187337531472360819359483552738602953396227197720379227173248
32 1298201690719603873905547289789991786546460435575912940185244908776133546970567941309389248748909672622689813807429504548798501373650496261686526174238187305660662770597992437789196922740729330669055704363116024092861597136033757182959000
33 43980884770652991921030314781715732871413212737623146471056995181707884494616193195825600465487746041310810428259418627647997500632350741795687883447503847608694431489802366254713705917199276728014093662442448306895672185286320565370062842321174852799306
34 5614561098599767083187314964981965049449435256058667645426613560815095235512523539741371824214674455965403161733993664274007583859775814665516353604348563478800708052058124538569687040105591866179740898369909254733289789447763886848581725655375609898960870115936188390913
35 2705511666808393545326229375548632653641850670552516614298107205409750477023639910393543542855282109384722434642950837513164525297838950433315419089901009228903678269030417045728786768776269656470228094474768294388126886918004862141315931495627385207801345390500524965993992220218398003428
36 4929173381989518080971361294388589319560997398253668116739181906604263877977622475196695896765720310959038803342968705410572181847731109350037978166421177795067934963817767470724864596601681669792742361531799673220000217537055067078182916998696222440113005288869580967718995709135646936988011847313189231554
37 34006373946172042914640196207086343437552313148260447670441671508764101987804772264269719739477859647951319910432318686626974854731759381700498821408038623672073287975408497860806818408200149598890346305715050783099900855587633785564611469769922250056084420227146030567564602876039321417093045689805497908921269561279900055874
38 889698392201547265593110136303503048003597461138941070316058484323211710618558312634108632478934553484308255648187533651164000041422424055387710086713874822188002192218315523684955360082782846748795058941701459057538408711208859707650753046565047452138424869915321909495697954764099563537635256297923421175410107958863847658530827573560271175275
39 88394095611437508450007447467730912708212276298154093060533440292675363541407481006536003890441931924376681539114572956199632053511106573767657944845826814532556853182896232785223919225940872656390668353365041084495574266433833775019983301173686126855289952296160864882727857788626715657112198528241936310432721377176726584839771106834743053725161518581524084846890
40 33394345109279923031686156663485387702815007538910234070395820642787361600827242343880940572847833948159058112155249441484847700977059249899850077542801076215353258665121499069273193610001670604200466909472893066383007422553858278462149260785586064840467959890973526638666394052247988110774078321429876299333273355344861614148459658986774537331081248533050860272734765340528043356971585
41 48032464014942398377968255981397713579343035759435662648161506508932784350805696549315701837858140076426467648421224096911025352290146747266719628650636564452199981390271189342019903261690855817982965121030361037502484319924998232077850974115235093266446832619504226982690962912185427976900172067158604662213816008108559643514267357050202780818683956203128516521163245577559346325501065966640958814479193032
42 263345514316571648413167105150702129132360304152468908152608762983628827873808719917520194222320653240000870149165140237531583641711501687889832234334252161691987889059817829062059152966974503146609421107450079140334939036476041973496706839490871340708992040366232154966519914223980647656916217372646102664262498136563451231531219220462080597188032507543267772724581600924585640624304489772807018744614649198577810911242889489043
43 5509835659105882634969913136252018535901406717795784301140063875204051984440928181564451413942898180764499016443188805424112623504839297696594690945195136329212066076880082601592886842756546879050754298373987334643799524328374080568892085323308995477211401659813120465059366096032590584139493273908237153509431119365475044638263173914446624493836390151786544093153615517414685148669221272810079093170107938334883237485414800905812304962902340115454744
44 440395543105801052281871246434295923135721117930031390060229418103302486457295708232114328817583781074345010019778475244974206068300044584983629479985683460244099514584626405551866808034001584535816338693284744680323341684782152184131791408927973166383513365250462388317272367128665992182566462130509288165288591700584559968576659750590208283457249086974104374414659076451494622453115440609594797153428561959453731082235032919815773133428961638163377347029033884310402315810
45 134613154544579921876502559665202324120209076676688444438435891811103794294349707587135346202168239600375643454671254987822191305536962102697843840930570379206999669771473403960025276322569426365556992711974283283389043018622655067686141999742531588095169418110631639051840642790914259900821160044061646942722404465467197551251528872067463462448071589206057524113433921571581024792495957153222878400732552498384939766239931766029531244363742038875219223072757964162321405010696605318327126956728948
46 157507574499783034801586380700613941574770939446089652271445591962883162578896892511530856351387181341652177806620895042344155630405289753487891380814709531461513368056640126655113619862556341205352313659321953661397185211044895661044474554689575418095663751295459407273427257737926921160269234536050772913657178658562203058443598988692378013796394780884922258037161815159711837182452086155125149396591603914566730638117302874986348113411358518131436806787331045569269980189255152207989763170376285733872058153273879547024
47 706147335305625886382160638629183121084877934341028175052766011067626100869698146276424013023011693674491515440019206681879619750841203313280479024984296387964240541164446051584217550694965859619011965794261165438930339546623345289041112419168483580921648764919732818478963778200743363108874464182593843286740844350038080083567922886957431198254221670310813084742348906563498160697575670460142719972675367500731539674559873648268267773156851727592646513852214681931991877058783388801652467748851774869065651563882306336376981651253403862886171902
48 12141223055598480336767610274147877575544632311861198106395183878746854387201725877686692476296542574206567715602991364052631317520979306566449384950024396867251028988473221191583168217557624380673732059853601040551876360664968397821377001972224431299036142293329282534216035614919791066254119553222121357688426901866896243114484317803233635673540453710570187978459001889647609934958784725079815493537458562823273776283058541292023938481156710685209591497311267317019429152277401485801178269867316175858405581030724001202480365893760040405558427765142006211087154203371548
49 801271797890211239336168344305811273360973295388235998313615628978826645126270026798954693826475462705537429083695047321506627533961289388008210638682911988293767568171627575572984467918409275092614921610033301083198910918709299849149909083910642940735962469056432153192497542770683460506891314108793882773716799014661931494403766176007331542000644903811448358010613076872193315056798851247855186097428937959524534425260815035105246278455995631356986257495124888408805956434777862890102835394086739038148556835125970253721884340642979336840231958276129025241586512339166719775441867905255380794826
