1 1
2 8
3 767
4 16640682
5 66554420828317
6 15541527314215523806928
7 174199002473520300622237686368058
8 95763314593422335912003742176198023969956893
9 2662211720194805839486132704411955366030984547237068605403
10 3836649682849294401007478484853022961153944972668749829867250385822816834
11 292453263526782991627174120432662361181931814398645716358622315590386065557554424392973969
12 1198846766017325427389864820420356596607017551987294373339205991660207497286651997836066265328115683281337717
13 267994971676623495022735448682170003624501319667938473215769820477646868025656944963732333775669051789575144647365327435045721593
14 3305980007226872894531276226244567926373465339971004497469942230741793962781188588690480486904224802633215712538495323293838637995124418649311726421465
15 2273669455487879740571986191056462038013909462825033514693796301603094128178284599462137415349563055656828314653886084263899144085766581260064504451995887988341480887803033420
16 87958326719819857828848819168727166320121905476262527364603744172739120761564614498491802802841218318767978697041635079829383684990336962745457054883287790066706893391203823872338587611668830699401974
17 192907310832817903703386004041346489839014391199566327135288261599686937839684356425804952572401163977280739580733995674364109930342015156716013640277186937139336081173997991306014955656078394272673587673265865310669907618924529
18 24152006752158997612791777332543469001347712528825391526262133574332378650195005433186292506038778570620689753735099092977830709103234273171878388565265450598134034338499261628680423053143306628998800620227853340312749434532814861063687137391595381624761092
19 173690289178040548398280952873670893295312242745380231392169820284359808372495028613655838572406741991178871592778524363948513638459894840608043605961531446486766322373533544486493908285480824156016830263231427011533811421834548729220653844856973500216157361661395510117505202300707133250
20 72148123428571509165391499535989423864808903122584179952627826410131084829936430189253061619230297014933070500531569220446157699043984580284722602205140031218709688636636857072117141490464347539024617632014483809645551214487152496642266650461666792078616282291007592151763072182950737268413787059150033565615929999407356
21 1739706222305719961533396773708594146813945259438807899254556652285225027163970607162942004602285902932729765158390378613749668618050311888536291302846336468070377625605106284077397628724413215609553824085724855532313656716383464854750264941906232892333710436615062599083665699430336323766398584390997246168194080278497461722484187359304971234417158936174
22 2446245252368903784468273746324613992829661890406143730473507083907052076479486977641215705182712860088843977729342650256502639583206828717971733173428618700858729530251426912296027523613844687969765083602793639968706348457826011675294147054526742871612692205176144079320591116903651636995152086916311803406269863275896626239420159531393816763405874040185056568007489929883282592373326768268
23 201415894029840217546280449133310096365739999802359622677072027440851355646029525531661576861617647751751253389670821349090015820553833462048306957303108069430742524631276251316924094364006991016512465622634657081861958750214097328524458331628924184307177271053023781819393095784451962121342775539314204305268029736833593225163156769611612717921207495284043281446263826401047455225691996110785007938612195076633581613584422093508
24 974766608440475701231027346233140053765159850199869138825746840229181101521274687374425702038197796902967043539160208974483584762360930507988172875754940076189598448908480075639079654553668491630141090141833011949782589232326814543588040871439720003089088586682677470524511814520909162448310106969015101067100488570025683987012600145691773690092427776904408345660339655513314909727970464167564711327632767177707956200502922619125041234193982039180708207682573876783512
25 278246678564696556555553145990057537434268715725661104555448658615222167094185311713393333163287653494669391108033433236693869193740551379872285360864702024606444145320858530017153038029715597159148583457518650172001676524665417152808462168630063797216819301637951153473829736596759016547249744385822441831683224664836772380139594122062275102330999071540596737461424516446747519226162467651939411071753413043488140075715316462177106105604100997998804510189649033132512052826678896562522979428538350886938665299
26 4699726982065799113884070746714126327405557473913164364092783543478449061786937668020402788410604887735402939896498203179548948953081987973712398865482655969928028359562124416266637792158371977222637339055615406478892017720641517045301051436052992854591138356167047641075286203162308125461478309276953577970762060105749149358964153445756442466230416488890562732712552202932754828786637108476215153071823898656594559423712721442928713380759944807831993206840701084368414872989464557091608163183862380615411798038801152458852472372369940793034299108031537
27 4711014183331542126041228091356084727261897332910724009952082291601272878262392565553837836708095973563829722546356164949659913256452539054904426329782714307474260480440470866939792689597700575956498830898962856356095616740755066262956452697371982646171308968793570432208853227127012493349501555880697488302666316631895149571779132778170845011976673898374143449693154794932022497668245653450358681507588683321017565693233254337072842178359338629603714398034813836720347418844515729233275372216818237417113863815328652165877213645402082896810938314305507877200060850736335299490868712660321807028828
28 281026732344006337628789454471644522308761913671396214376697376894741647044064087240420464973478826278904045426327017889433818440723410437287476537895256984497845082778291016011314758801550694222711561870289684197360335471167453210477443906184160223485152286791397357894548029285856616532587293465656886404933326770294427187594819371571544652184327693721384906032663218139640184292163459422751989104811965852467061967408866828666630109560722291230346057092765394421142421674278105519185072357180567387435756584736498127793809529995500222334516409429217914327067970889675408893082315672625981338378052923262323986301179585117194320576372310603351
29 1000186288136568664966761683686941651898492882093143720016463282027733863811753782389148369452895692397797788641037920621573896316954641932194025126938432689924768438590410438700849059470232298508966783627207316595855027922113738685234298505802198554839378157860646052959035375164287936348919852405971730700410914982061410660129447052350035252119012162401873306072395444269122704170608332433781255488015824272206971075913424274726425815744289386607730791934613325335136710085920191262090611619648418633832613046997408923332824783759546814807538834423657942024638391381503513312458812055539100718222084160289757472031668410893367386941913600158083631367940165413023354864187776939930388523499430
30 212886253695068965714660518728046089234263831467386768106953402261166320410622871553093170657454407367398184650493837632882878928750976743106412754980626960024226045242503216619247154696657271417810658702461359401179811822552454774411390523264895676997412156178308552020388876147670466466252787588208409388068180345000494427398309826979237717126510782119676073030623742574880993456405802734329465663390850427279711885933393139738220544829602788966687297229255487519270619982385597196180271519001344842516718938670357034607638818717740839549721113515435262051500018467892930898925111365282850694019524834803102740001247072722904631004207563172138550180482287760146617652524252207861681309684611769006870086142289295127027466729343465125963034355
