1 1
2 8
3 768
4 18092275
5 147696336060368
6 120281515335915306903115
7 6213452807851331040070832343722296
8 19985669779692450209913593943040201188651715400
9 4114852471732244729016121043149223522911098795001702194386553
10 55585543535053776164764351318320784004489226809607350614835532476726575783042
11 50265403682711615162906676559228177638172259144314383507581044688244661472020437121026256553699
12 3093744173922490154298650854059553760393859220127250878235273355464502964425446440234747007496917784514256458679392
13 13141968733672236441410011585842384143688768634532350118522842679391757260838805052922343855150859452816055711138543457127817740670599918
14 3898989926144871911243525428287823642612356663208538382434276895710844825441616187307461915626378160520189406872315272107424793217000793183683556006737790179658
15 81621085961251579838153834456530848649950104022776885492749788828972135206481720121621067091103039407170228048993452345479890140685645192868518109247768770854182134966075441887777118146
16 121641060008508822997610493406072866902341043277104128831602025538195407280586440742602499461421445144665628050882908798313755813084424410145494001354019059543188676140165062693447673196840532192684927514690137985
17 13007240334635295735214123622959207201988583259720329121812404151540694770022625890530645929806334232854348218786011804298811073903757397520662199197817006672724817466104374272727072966619787515345497884315215812061987747032183166156179316512
18 100491189038308672591030822982337298159554215209306329806726477079447001830354534018690547462927972513563300092074489964879391606205083335848465091017268461884731567391729533453120932785350366170326673833721142359503439501046258471715708886927251369990919378445379286602880
19 56440861264845513802688105573340368694815082126421922537551721002342600864474047800069129352277699078996271565299948932590102364693028570394330241349106366935851313457993158293247226785886506448199451222574306208025967092314528773765942110107270718185053534520677458013911049825133475838536486469550427682
20 2317349342970642550910505290822959460940474534680106192519891029458211838698163437741752591353377062845335400533676601004195554346655923143925891195933323244021399871194832728617372091611194827753033815412915120083547269728784439650017524035167214105780408118748487593423307363243899506666295919622930985038717012750999315891934515667328935
21 6990299872012128583582822832447445621868917634182650512197044025059889116216697287590074282766965575678496768622604812926589378634634176562825805163713898189830518800067578884408363675314433866789736862125401923879402537786970694369903229485794862247908413907955469122337542469793805952940823529976691092412173772135579555119122228053225323789233603549925427589479992573714632
22 1556246368047394579266388195625477059066642854176360600973663597037021033818204822803827413935875321585310214097795498748886379879647263169562487849941396762668115868403068015116096542555212225841448364538955036959671721805874685160865235561573089114185152596366965337439526197123362389778751910420595061699718491681279592913076111096766548942373206811312780257135769423636836304824505512277703870548991679495103905
23 25676486962734369232111492285287185903575824492702044059711483501607050429651905601161794986342951341973558508798052865176400877403500375447344859120297993744015653540397526073719389362405412208655726835557362242274808121240212282098386575971330529146671773689313021150197659667124828908660065777080454426284662318756169543308552735978703448349511879379454768220144903710851640943527757552212506191575202909196543048485720918574173269737872830489991122517
24 31514546639140972772056300169233980497427191545775375670864838612496965101654899213903553526536006749483358936267875493150942389731254000070260835288798289745899668448085897498340206111493051953307732909126747038295793090200032954670345578417613304844619002550227492904305728541236705761170867717859243916998719310911090616368845560812614630916682020797313255145818980550197654927535438744094657792125504383756537398890288982914755891012700517671694691116049079082704885139307612343685645600708003
25 2887446918022011503978541297183656294964447537697886497518924854553540716003140921987161997659864432912193414153572287856894048934297262681926112155994944648634360434882186844311187479672832805790409999677601114869575263635311016892645539121995609434541214559879766988272981581572315075456887445012293534067884078473717897302258972618920924205233623936900094812381024349966463690013257239294627129567517234891892150984758035545184451611982963004867488697841433940903264338171889906690960583997117989783300357512246019862159564028127720742130
26 19812318202217815243791880813475856010479676348320869238291902159736628625088724005137664846240388190877729670065873566969572315561907184870403294027487243975252526148025761892347831467957330597829755281768083974517850868902895543285586123699269785986441747817029139764816995597375061766582872100957731313405615934252945729026030674280998672510006617911168750240096226099688760313513873123888552623866189101619561852918976130014164072067348187710275158527107423406809509143648978386403480985944359064318844597908795730676590772469697675905125640312103042325065128319208117545747060185208
27 10210823435012717538286120558370797427800211839359040399263475104830324776682657108621157986344969562424823571225164690511377431979136920125277311131974004613504809861085006996672822095471460676784585921015771052032790201431906801645123027719502713347700597131703427563782530238283088063875381589110044328209303535227904505251059906644521075105427871706215668853759622246294370982941827339420249732379447653002353772027848402899601002321536142630753836564312467838895289335639793433695076015548951707485855443549523920314497671057867228647146167749679437926204019236848139099208788201586495153075044696279276895661839971008563457621893
28 396353523140361166782443748599633294130644398787984041114531530511633077055676556612000698784338818444796648456269251687682362708905680508762731827210575828834568169068967757105773032055549538999100698403459496393289192307852826819040947562913273764658516975603551795872471258736275832804556121103153550504487105782408735232934453999754200561220664057369298050929487278260039457964792371265768676314085321089287794446903362836952412294092245792521096515064778501245211315730888479427255319438612229561745495237505066772053282138752883000339839161790525787011150465001422620313007336843743557280746330427565670469310440608424442300422425781143960134267287070151909694050941251524342971
29 1161742199730547883267316727627154932207539939595025533909745584917712369833280082227975376301189964301383611036685637557808888601110410406296254443714451590949635707208471824698949310755491378795314842510798964127116749596653656684720726074895500751950319674452039557267598742968333558664023713324113496407851776770129514823287692066560210489959533334433761818269041272109124796252289876228035507634726297934185336671616970147651303074013189689780280834649850701232499757731374433593604184109327439839593199401324451569544443941279471947890045865999977737860005221846533386481026282628684395415023026415944728644954140802407985654029411596029133358060413253703885769887140802526416042833142972611691424777282605336614710772965879878537
30 257736135649511468769344769316394476850919520013141869863738748436351464019185851696398638240581951944891849145097143348015594017247924050104088967723958459363712746587071370160909538055750956305291276309637134824896046743436356966857776115444995432725728962635334334697200652104282956224775107639098830196798423443909415514214099047308892205696123093706816209750502864713076288223160993371799791941043173582404748345672022998136787737103859076783206092375478936854374866693470469351566193662578718540147431124632451997333312423994066765367964760383276682820720657886847453099515271453193192701348133513099940280949518873742270108788597184192346810883909023612507482146901476428833936032261360269826939120633259276540209441187894416417425639063022771251716794334859410948558504829266814880
