1 1
2 4
3 13
4 145
5 2587
6 122943
7 16682521
8 7325674081
9 10726110064673
10 52856849817647611
11 882125204513435951844
12 50227114932576323092499645
13 9836998367213952399603724752495
14 6681829778264642659683297093825658732
15 15867771284141650855436413695171768902700488
16 132740774513455771568805828913473588001485101620751
17 3939166337512430941958734398608002427632624133482706118591
18 417362993557886061238699725201997599253927219082832229829476567781
19 158815405154417610180341371556049498541270485899380012436585641536728397167
20 218210911974202518646771798362241927700862938970867194228015674923574405747818935012
21 1087920745768064943518944543149165147705277044887455885957702940620957302922416524023139372301
22 19769813025101699189430292306024361516029131804019234301116646161201675602279577258013384918585923960340
23 1314846490248500077090696408269744179456935281180431365175614259541179086214002930447202106946549346070350715342216
24 321255414336345792620729733915606851714139636399238769588197660901640638932636931453464039882083632272440320460909065542688367
25 289356806418610543012628279488540711767772360382123259491469266156234347242508211069543057868176652724628120246127193181904705809208119791
26 963858376677834546431800591970759776028713738463532111541341068314318991607330558009136210401359464876875167203230004662193818983378837853239407967229
27 11908951674971076195305565527971475491058461679761537707226531081989638491002721804217443658420486024051303199505523773511880179434309427199825255773881493443498535
28 547275723014051108376711905755665088287289505820163923306636301912349505228752263378723988246627479098609973317066249992806452426549565859488595864188430957625919980479336665274
29 93781974929267656361954339720862053240597881270982400993070729458512952631258369596554816383189698517969419695417737203129325121830524046526397088426984997984898516822165727833624566871993180
30 60068433174632046694594169381009746616475845212125044246272328155116437581199702895939839596293370681895569041023749548968251643007839647431693335237845222274714193483305601951987862598613209229677063762741
31 144129369892545462255504423289512421388134682224559279867708173382092609369284959956663125828711120978473437758192722749639094058862205839170675225959927533841235644707761547430117854263100042503791283659695916598800077715
32 1298201690719604018034917182335393973617709093416767633867611823555107171614270571160561941234395744459905860091201866372905075327265185360009974930266459259326092348004383208007478023320075468529272253376498914957459208975826258109473881
33 43980884770652993219232005501319606776960502527795138317041326428794732541677342192220152493515592263376034675442892892320144648097033469452924503455482287980565739189018056718371850420208566133177043442568460139817693014306540673641264598971955559551924
34 5614561098599767127168199735634956970479750037774832904949503934524666053966228994661923389722560522272917681630695701008007118938439467948481079828474372290036244098500754557051163818283493119035918500711353847743824251873032611941322530618336355076340793338521361756605
35 2705511666808393550940790474148399736829165635534485558352614620279751580352337751340719206045762110786420230412148476750510731152817925460223360300876179928030572094573229270185277989129610011508646411915480992923608472864355893015450134322941811117118280418559874458768828829796074997443
36 4929173381989518083676872961196982864887226773802300902323686889115753658963292586548203246852699486906617620817683314071007618284098057866693104185497117336547417204421292080823888457908136400409237587190174837394906750643505217331267774808917276538465622994286529548658505466739253170613335251947959732026
37 34006373946172042919569369589075861518523674442649037006846352202817071266144129524513915694970209841329549543005821883793371575550748293899923163973611354827457527192992125603950938392375978709457957728590724706590374315290221044196801237761154180248135961595011072646998307990836947078859609108747254279109616842465229253938
38 889698392201547265627116510249675090918237657346027413761727332471897338913749550072319098964984404160717439375306667595623728452999803326562741939060228611242535132466868095132043825569979416745370525623950017983415808255068895735447593715725286724206644636280023887461555648402462799424934149961477179856560128677249762373558542267788881924372
39 88394095611437508450897145859932459973805386434457596108551825273960273165961042551408764582018353748032050115313277266512918350520616084659707457853398693317943677698000122716906346020355085373799968765210905341024068941140211927292808294862503742216373023902021309225873761475084366604472876555669844171674486279932000485445560871989087496301416062863459573639986
40 33394345109279923031774550759096825211265014986377964983104134938207354210016509846415473216383435431569119054498024466224048705100052881315094023595829142574633633443137406348425621996466139524715717249570585924182953051191394791261907228392447108487548069409572543174958274978077048655355341790082212248635459220403075380837174937187029039422494214416604617133524312735735152640827382
41 48032464014942398378001650326506993502374721916099148035864324185566871189517889081276150217624025579149113703476881076168079905831121058841821961957335603581104385257783554311497121618260379063019502224801514123620559277789717655136930148962696996708920534189757121525951599472632002936259088319595212144253264501190155850137570503992713236893137095309203022521320422538069745700284636385489376610543524281
42 263345514316571648413215137614717071530738272408450305866188106284570550370769406772272072625461102530544896455997024142140939555135874914493272000628385330500887616981931269697478172348773817241527708926595092531517594795112479029880811551354897064176388673057737924949461778744867839527832607848219258233625447218652903166473688392724265109558881382475206124374024605150803102381611747734157863616190594482676938993360953420671
43 5509835659105882634970176481766335107549819884900935003269196235608387488676920559422316724570005277575975779533481591219320067563205120942512635751613559166105326247567178827422183279777049394183997508180366500135482585825037503042428474586320458669923424695006099752042065142167831856775605183599395144039989258507786628547583574315713459426792277799597074627721376073410672965954862404915072094157774724691741308185325702724903450610914945515829808
44 440395543105801052281876756269955029018356087843167642078765319510164379633641675491123370848822196583418541620462927943324183268128177563452648467622392366536512871906936688582381634512288420271390900274790452435218572767740074357185806780570068017017154112897484717739526198096708937581750056404158613723120806241621294846813134433424431335794609104572830023586512113342722674837037562757475014039888219556247959229683464780858775093762559283742359629131289360384089192965
