1 2
2 3
3 16
4 140
5 2608
6 121355
7 16591090
8 7309784096
9 10718851373762
10 52846135304078680
11 882072359301890103542
12 50226232860475353426232790
13 9836948140981133839120163839392
14 6681819941316499253044138494119887195
15 15867764602321709388769883122038480764894954
16 132740758645691169217587709908132712989016375183641
17 3939166204771672296247519756934690196309212697928239668968
18 417362989618719856466979825674263414695211016557715883659372794079
19 158815404737054620561621116866825477667906696017073062128220584700166945576
20 218210911815387113909717165983122462000618056709670149718873714131361642841021304947
21 1087920745549854031703557427987359020744325332976791743781803999060013925287653711399516017878
22 19769813024013778443880438273844357874665334837807425123113435877260438531154901435445717499550931228137
23 1314846490228730264066682629825209108447962392766833188744500754154788810157945200989644417550499244263778116425892
24 321255414335030946130501003651536905322078214150516786251552030716060735223932545455209364467056623967851339539204922497492707
25 289356806418289287598293248542410151454681753611307337244337650110919140105832921414630862462777576120159910582060583754716859427263456202
26 963858376677545189625382302683161478835631857665426263618302696801037794444446587859839260897534688750537860553822271673146370921166836788087919419767
27 11908951674970112336928887982781850107792012275280238929957503788292856861448365774614920665778162483405395788542403466178705220982166938383076865697333618912400498
28 547275723014039199425036935643328159398438653550801905942394790952140765473601234960790563366686179295274271832929087387965724604548670194513283119198066550042549551437744305041
29 93781974929267109086231325681662628203659346367692970497561915341137449321309387880034827484712707558283023463781549575590484844132009406435632336649881514358468101682173228757105077864999932
30 60068433174631952912619240113900660385150127822641815678516666428832452344082611838920342012729804765743038646128109357844562472332272196594563311522240877884370269982630074187151968663065888859816237358505
31 144129369892545402187071248657559508768894566682071725675486570368516048725573884315823325636627631971622016170418314947258551661011835466986836297824431280296788187337531472360819359483552738602953396227197720379227173248
32 1298201690719603873905547289789991786546460435575912940185244908776133546970567941309389248748909672622689813807429504548798501373650496261686526174238187305660662770597992437789196922740729330669055704363116024092861597136033757182959000
33 43980884770652991921030314781715732871413212737623146471056995181707884494616193195825600465487746041310810428259418627647997500632350741795687883447503847608694431489802366254713705917199276728014093662442448306895672185286320565370062842321174852799306
34 5614561098599767083187314964981965049449435256058667645426613560815095235512523539741371824214674455965403161733993664274007583859775814665516353604348563478800708052058124538569687040105591866179740898369909254733289789447763886848581725655375609898960870115936188390913
35 2705511666808393545326229375548632653641850670552516614298107205409750477023639910393543542855282109384722434642950837513164525297838950433315419089901009228903678269030417045728786768776269656470228094474768294388126886918004862141315931495627385207801345390500524965993992220218398003428
36 4929173381989518080971361294388589319560997398253668116739181906604263877977622475196695896765720310959038803342968705410572181847731109350037978166421177795067934963817767470724864596601681669792742361531799673220000217537055067078182916998696222440113005288869580967718995709135646936988011847313189231554
37 34006373946172042914640196207086343437552313148260447670441671508764101987804772264269719739477859647951319910432318686626974854731759381700498821408038623672073287975408497860806818408200149598890346305715050783099900855587633785564611469769922250056084420227146030567564602876039321417093045689805497908921269561279900055874
38 889698392201547265593110136303503048003597461138941070316058484323211710618558312634108632478934553484308255648187533651164000041422424055387710086713874822188002192218315523684955360082782846748795058941701459057538408711208859707650753046565047452138424869915321909495697954764099563537635256297923421175410107958863847658530827573560271175275
39 88394095611437508450007447467730912708212276298154093060533440292675363541407481006536003890441931924376681539114572956199632053511106573767657944845826814532556853182896232785223919225940872656390668353365041084495574266433833775019983301173686126855289952296160864882727857788626715657112198528241936310432721377176726584839771106834743053725161518581524084846890
