1 1
2 8
3 640
4 2282438
5 173634153953
6 234378181834437764
7 5830718863211422672000933
8 2779203175536737232214097698733180
9 26174539682820981155629951721849091352883110
10 4992259182546118115349470114846112767783850771638643224
11 19673372766064410692812527839650623329197840624030399341838239971997
12 1628642204917476670779763896585256634721600138997533456064244474975997697006867630
13 2872029586103485269317053173196573856228286855008646822303435947327103872179752248683660397027762
14 109174927609624679906630883984043205364232730804359158462650239224840698015672637779233349093566539007572901680022
15 90379619851222752432027761469174386933716010687242610444503729939493651617028073372517055294324175623747623501272955054034429719925
16 1643995699331755703947896154190023583329664521775176672607638452723697035762061086523346682875094547668093630072256045679306720860567411931905285524010
17 662236291304535439637078334338730934618559831876442109982520764007666484831402338336812774551040902277993509163040926478782899535058283059136444155279652901128129267832781
18 5948645907129017519042086317030229626169903245019760598756913289221010691480989866035804460042860239840055874396246723780976305684375800595790960714366171567132213399156023211078188170411218582
19 1198950013278687102281643018518981628832330424236608954094924670838255889918496342888299000224678082622235311253990916365789262091005493087332416039440208407596898534610641233378818502188161785948793730870224366929212
20 5452193423761702763377924951263121888339690807402343289503789305260992288421671756362240088598507250002113189955153002461987317730342745044208540845963764234443042428727306032994656230510115183492466718882717954471253372380489939200623263965
21 562215536500802668933497091419506599510917859847506409850179785846875092651893792113726130078008253456654331716480479053121426947229884994859179807002965118720347517651309329890898699195964698266089932455708332393736300250725055923052071361574385594770554178345569375
22 1320588976501944924263079327589047339530864390999891775775043753782601780954093171314422666823233710397723928570869297958525309870254398744809249600161567570471321810937789142646804576287808328194255673926260021133965584050835584870368992919944987837667309285480028527522471611772639974034364573
23 70951599559786813393155776490400840120559938118875076790305859226815693955355317027582787028761081001632777824811611464213131986084379292655967703803946041271567534555418482516858472100062014658931532241424989161140694204958340745098175858206387544066660912168117438510579213615861370388742639110321966888116714550137767016
24 87524554961396474667356554389533696345280758904917945913990912386116458291738465446724546851433868067096645802440514309028326349510731410606658205195721374700075285447005393834839844684457112264355415713095821627781717133652820135220333540184534419346686003645740019676234340814610601351063963555372348051044949065922222880625820859921806585224594519834
25 2487597469138218011455119078104688946859113905535105516564232596062965463112089057513115528735406960731432783385895525394641108471893650648003561228353475655491163736527546646431052460606858919603835370539868593986515626301590668878689124846955811961875797519298563808898818233368032236749119060279729442173335718820552696607100376321308343189713528591600728205182472107107333600979591
26 1634194074696161270367645905664461866912463857429929301260790365898675607827121152236488051316045961709703359983642722215467983917700756939597547482113607250102171204794358849245549753623189228820151278003399241165583822660520706131649838766910677140483454317893523989589532417003166721328130429782758823447123870870355797948633242394500552946108039662948815226647511642032443761354252433109120015550593143824172318497
27 24887789964796715232149511895005669116612536540778631377451459835129728148112451421236488796887217021468043737662003444269136048901479952742240307678034119696412722579333287270814885094700889008701552535131090377704525601306611032077074144286973143620022086299395353852917415573355265920250551621281519641662761973349918211236036058002316345453420218760479163639136306422407963737298655417499581820200804973730076415076944051047131557950179790724910037
28 8810904799410786148216197225590047391907327034015404312582950406709824910050572204641140656847900076906595302113488610755216889042693935366076905164874949444420632086965015534850321128883263567631574341629380389861030450077442375017224066588500628707486939595102175272466789441977547626396084174237516407426475188414910011701304244939267722911493390743108036715809499176015223607830015680129284017764772062284728699392828630668605500207595213248729756133893087523867681318435065859215766
29 72696710583279957061688537462380932769487615496429631059926870809689785268996461059266982880065754132309197863724760042344414620890672489197238413464059772121531716094071597387530244105896376024785499481270732502198185134805784258419241475432435197192053305002027789519362336773360052929499863919943695863892721761163723423419292245556590602169495941566648501197421929735898922179178221711289182154534987953110757475494206406900102709753789253404553138038278107697575268553628912290870783587056789454548866078703735932193954
30 14012076719456371802012149379327637887646042231305262935565096847389600467072158406713216335961711324205606386007728541953029965220082487259523650413857193899488836790706976279823386902522002959787134941738718082581722243946332299451869955308887223593327941643667082292638032674138309806578575399256995944652906548087992143295656838785106683317001101840775917176196918580831309112706392513642559186108003411311764925790245009966526578330096800906695757958959088093277882277747424756573609284228762379828282779105045548098184921094662238338261294025194429897138387
31 63233814860637495661903227664750770153981330595178034672387741419181193887394607909883606390104265551247273173216354020550193064353627183416787128117955977473363453691073688318276581367444191138373472162286717992960238245551089011297907770496502436144827786213331913734762486780187105847681489537954075639641829422470451370895736379492479132086917736510801792879367200116013779705234622621344485409729466187714971331380552722451851164400674144895929511989951815978799149534363426102223595016936697044147869400716326948437587008345701674270729085999771444978046025837978313222733950856905390297888269007
32 6695140570942319100053783587150154900865273449270989174113430856526494538695831758554984850779309293186918340131377838040979032065275682088106605355403067582059672079394228164913398852072740661023748439042232104820908394304109003121101504424999965073024559331837892788215977507530216473083345168493927198692826926381376534770914033212280832696059997679173088215272311799172580495069137365255618156989768148284160327284626122094521611663460012279140051852816223694555503072802593477125253930177932227948976312708751835193845165071846660731056741157063870545235776186176940261049535867070277022481008815543295924369741983463739536184982055317342
33 16664109164626957962001044565589381986028193135948533095445178877646222260620825731459109787813239078324877686230412457901586651627050880023698820398467325405690610385278091150705757414599399406271204027395858696440648227215269531834530524321609089525398532169730435100944446914566869996293142718990549029222354536343370078540538062809774777093480053646547913778479502114493844654008871978891753493608507978163384191026159939182531721932474518417628075660691626930394612520711644522025106418602768706831710652020323304962492942411638464026592376396325765111714240251788879126591841683713877985105915267328344755335914962125764331548218712893490278854606874601313086552574973152499592681
34 976820034538503042832816977548863766789511149800555956920578692453941871595425882920061858967156415879258702840283820239657680889508464244166856096211390145883921095180730797094092517888580544084230841730325449972392921808608069152526990121894778080424978146577140370132424788911937437516130734517838445529277249774357055269144426499342975811651488769623644861632650153693313330486102443658806264388536958313214371407316392368035958654250353579894320015825337015161318849290361807089707527556775307889832527753744422714681970316046002545997249196667742684004974415377702655684131668850876009956383477999613328437374261274036782618207506310333819055777052375900524562777902952139679289001609330313378010537870848221909579813971573
35 1350855106599503156456756639635768797029158814443038157699773751410357583022123809209964524506265833254894580015396179840330143912705973606508208196284125277204244182437706099585404972051120135853114145343674262042457816369963768716752935240132171710417495954029181750361404231295827696693113599554855544041916342090107501751121892286844305003727204267441529044948317614718254795838020208302152495459552566628251758211821547899850924510884281589449613314343613010064439007255336585923725600044271630731923160482203432600422415134283425479168565254156207001776753782262177858538696187477994061094615161931073642062100086497292430290316529271207361550184770630043434034556692531937800429079005197690017556924030174866488501991221464235940215356920657709848798934752706456141773
