0 1
1 6
2 351
3 289716
4 4947097821
5 1979525296377132
6 19909522361922032493690
7 5304145637506715118807098435916
8 38963096281905114770318673967657388979120
9 8141947887028911666338424253996955242756334258901612
10 49613471837781303435661841941440050234912472934180371572880191904
11 8994768535627543724734152165671761741211646617652155254447494043481218227293088
12 49329436381541144253846807927738952481746712486108025220485825265040756462289324528178294382292
13 8298520807029223933460762554750613717138107126888369747158747190909394355794954224352520771095694179109108066204
14 43333959397252653319650889352289357367411452144443077024404744145356106851319094635298055647533362045808251647995246709551633234662
15 7096302402221497638134190498720491225589036563365208089830797671419018997750958375708292271193091097091293816691993873399507891472036070655065524609180
16 36768923133176834141402429892891295600685674368888352611751489067434208194927397493622589680099405085428500272507183120964145884275958746869372906284637952674525718352985554
17 6075392357946652452155134277459153257064057643799864209843341473241673271358404712741751110942086833395166995936253550328803365453904148947762937228041384154408233631973699588192097627523679208332
18 32234659257482858194844646361457407526714803683850457661959178908221281480905409333491231521105532296791373666684945533679162715405758453216017554214029850287933945700211058917093811877243999379357601110434219039126277140
19 5526016102195986846159213698333029131074477106439218464956092037204856595675373056445347964022619822070006299624709094566436164958520946692985527453739782254457636789742581014511194641473560889088853177004911661550677925815684490149025892704778592
20 30778745861514004560180383660793229361601570916255718415595535662428644595152459179488970637795348408667771206070335552966093879625827926685237108302388772440849458400562515271729400971651415541087118255908012556961434899101687379303325855408977294786169142286154172811192382
21 5597751254642350366071839349850285048603158027291838617546401142143104627368997641314465757563997948201095257454605793895742662573140314494550829519053626213516552897530885512671083836852087443247313733486287550408473414091875094457083278657012398050382082572358683131637219456027568242128946712755199052
22 33394273583609503239441117350312298914206182888622061922502524501659595746357249017909357398340450432345226541302229264298476124454147067901146638100975303908363757463472092955084461773676771893066432851915240209553806133473743984222128047443436493289379115569557446468945014559588413569932080088189881541122973888317749896972330957238
23 6561794059800996010137286266794275214074082089005342067076594566901519771578344301762392836479472731723626533013249251919400084048656029801947776790203897434280655829065428370938841987604317756494998387747950204257631834543894426232166099330186625338550378438256527409514412577725914948052140852561177481496800934591583321736803754025632784488300108008700686634914552
24 42629366682071813053679125105641087597098893508536092812800284034798171173290752589251602136138362338951551067014085276720883586435690933556079155328172305645101097925402584800610711460973010075518178418939435262446704396566041131312005055661257688999428279407324960652184396339602344852476673697690389139335518635149250689377673957863889839063776386124415183552856408595873911169064074294193219824972
25 9188405055813027289516944450145870471908432284344297977706156393745274744935016542139615746616685857909640910106827742119955483378095892945402219545728723866594396604623003607487461866179201066627849940667823159658325569194127371615148771573613235610048505221868963203690523221294020151309612942978620761614579681948510098838670568597594860366066278468281303672588212948853607257580139242220117285123319139951881078963638308387203060544
26 65918483222274410830851728784798209409492844162658038475679574152957336211151266442291970761890973508607055993107870406866466455601064034168952553748777415637583294142544459543179027454757889855271663710404338438333085509922855477857135377905586765513325526591041654975460357552589523477257119210806067393776242718374210260454252038271621035495148875916412012542409748534988179953939737279521211000684215447558781267170877753588099303937871338274714295145659954048906128152
27 15786866911833948858703255550737234294353656134324114109235440276175945958724066356943486120389478086227987902902929916269962808001377494138606830310144356319748778944524475159023669010686256094246957066529532281399100963722941170109851150968525134675742135279172365036967267438580493357915034936471789016126444405733046137713578862223858675310713641834862745506625607288461022800585637656938174809105868705167843713004503116039484787078867327431308977536591126409324149531331019698776903278826207331110235581396
28 126560638203395764369461415240392021773151814371352940738945835278452997199548258888024093797708542029851895471790655031043755518171876784712818525494496216455036085433880573398972427662017979204009294282408244512635926290365859159503137416391548039973303854436691203369793551998141552859573849888134906294025578350405015393991414275602557218264343905676235075912957929964608543772621055984496300424825454863212725013441920033182195482339193622731797787712386101622820788171588699637388047965670109780410571493036793654248899904530412032143260425792576
29 34050534397890976336586758597217494575056196560787537952511874798000890440017344806197026398898421900202280926641420387538646917769073076173287852648695801082439617709934322919803333597760939603714546043756434243366665141870779508842214031163937756916233455783951661591240245856434689770908266168870255710764976040389390365379985968327578461718595279502873729031726159372834042530429560469646160033858787970025084619697095774933185182514453069343259104208694562884871833975314104673889220537713223526731148011619891508716849613111948785024387462039903007745859599455137558542059157561412645248
30 308180528376464139711334052751139389595823874850449952964055284863110354864344767349772307087613064177050942445928339447772839723830275973434640789948250526267104727169964158560530595031854853910869672084487191199153684326324937732431465372698230369845334280609487295387280396234377346258811263918250461376655108611742653065702014994811169205222730308627770560074345057864388421766942946269084517631897056881123732115948381138090438591306529598734873849322819106301204009339473374310656260716927512182649534540829697604403519785823717813943032015212729402973450786022879446471201834050079377005347227143450250641139177766692565894065376
31 94039017089219415062233161926761876289643719484973099509416155836955845101708888009536663118447248008909255667803860619336823507023042529037212885311111846833675705492077209458663133169394585476810848447807748037933170462091030129576163291735531246360573571671962484859089402093914823808565266398460767733549941198498422369608683089648848961413611082808906727465447958637572530624388997311822797015233871232255549401446000910816588369181750450656528186102264628510252344826243800836117133392654253096565489554258706840268110106495842921022453580660649745128968970757235544114753574311063030695696358530632013485564570690728668014596730716088588457242399056632967331634195537386580
32 969475634755110784293087052170155245928744784997024246970759506911392016465558551310954641884941738329297368460270755824705043544858819507073038571033597694209964175701235600241950375213092651933308344249866252211193186312966044410782858871352090986137848043686874091628706530692889792579352807541733619841045419121950621183012788156470500221376772578812671885123700440858428361548158483390109377457994712941838884034996815839164341411466234214196606745741789769103641791404293218692311242388220238022725557725316025976450563173634986635780224043846075195778813212465667243708280646588090745259052344576435575469732483686667469872289373875134983028796657267485196962248740291273051343363607663444292056148678184145527149935430
33 338329832606923946383802568661102738350765683988939307570067722195395084766074708744924333777530774842702019865600870617423346465618174963671281407336603236994473407892871726168864183656432090893467850370908889504192203553038666027778253766633917961132202450448301373876743871461896847588263212300502692880944401577885146835092763878324731162840277142276376942068347623876335188992628498441337344281068950360534111897147489163223546674260074637793538130227065245261137923709911719628537639588133087441249550208969196049200562157380965777513111334704130670351332885050783154658667549746189729870988581746715762024383848565856694580764938312392519105718423574624394221206900129906951087179275448145087612801947827496157215378496595942070838162382566378893802030482694525122428
34 4004204372089099053020580289934221142635492193184452242900083310620422326028735342023697418180615228194700155706607895092882003704575263688935967865462212565418426174280249210634755259012561785795672234817353947347896812182957494404779701771389778121885422894788605092140317394463823715161278524190818000101360952390103993418052941080548086957722822261040120498489862099020647345073767191763205096253896529839040933299613807362803144064733801112920256909422056964338422906625146700373473945477166383988906840187653800487998846110871277694669858016326922826422063423918085016515663757291530240977346599438177483541052478551529494470425562205552297062291560203904995764093517963592782516011110000709327991965477255565529972317324749356682129725982159083520731945444866802860018525900850542547778456882993983573676544154916362
35 1609964957435215177842611904312536334526175159772614675436015817418806096671656464731992687870578815503998623515392746367024332761214932579268640662164975567233876639538541678278614796385225485609890431243712102100309136714250421645648128310302214534495374983606170897192348085997483917149250013369344622892005670907386869323550932904644816621372235517534902416469785789424638976601655846184095626649319839442185056643017297788179846183046930244070789025704443263763615448077795336404505502914250048485943208171828563374601679686817826987047382291308716573489720733707274949013708512441523946002047544288714562238766776898930213482548761567179502298744228466416264292915009006314377866583941759690842185823258393112541073906654149253622119218266247029209636847894917141321322199277709063079269128942175748938256648271833659364478795445938126286875263878634081509362686051552
36 22026738654998229742339356167073123277622429365261176804941136167397393103703379548447211190473103751826126694277601781293772297701232855013324316662844952543484748950482176966671226779539155704763853506676509099017693306049082184764905005846922941397636940118572168102671138423019511179626301041943563298092453129150315587849720342835156855346965851024866153006089784935143711588724186399268808144839843092635242320576753440293904550359921095622679843190333753839745305392766673550688773307432856094338236457696640086628636203673455974053597791791788988959992862968828935896897578378829943503652874170544237814288824398383621023431359806240909312491692503226144432182827918990926882103734707613035060844028221476722734291335947423949331882630569744397988286703455889449748594117469360857717096580572853411902892051804422303683717312407165158973775146637068525426190261740232814022334875240492420319705231681734246293291691654
37 10270415856281362922748860110195046484650876678201811940439708406825013216892762952750703758683650325755236704106472517455556228429433916195848343354935997695881032711265259173123451833429042451780867078456014987527424211530951019112523702446505404348072958666212099270753582657707093281849784919717595789532128619792739003986702848193615236569692875413605096291229188872094966017393028260792940629712775803359025349048642637189459490852589275171275805513128220029389312807536134756825260146754131372939418178495382592994286016284197350203990346284991603429337730907446890419494420966197152920205007923259962660205828711648697077683614848213445390105518641537601576074927408143844790015796830657516523418954836908091930470482176520479632139041306675960970280787085297663795429033324992043816288206833501175164955205236020571759096207042055493783536454589217193090593703363652394444228309718167253140603611912056679181756471336480456050847095039842707305555925518630101118530556916
