0 1 1 1 1
1 2 1 2 2
2 7 3 5 6
3 36 7 16 26
4 317 41 67 192
5 5624 299 404 3014
6 251610 6128 3904 127757
7 33642660 343656 64840 16853750
8 14685630688 67013431 1930842 7343780765
9 21467043671008 45770163273 104698904 10733574184956
10 105735224248507784 108577103160005 10401039400 52867617324773592
11 1764356230257807614296 886929528971819040 1900637187280 882178116079222400788
12 100455994644460412263071692 24943191706060101926577 641429385018832 50227997322550920824045262
13 19674097197480928600253198363072 2425246700258693990625775794 401454435464761376 9837048598740665027344331562224
14 13363679231028322645152300040033513414 820270898724825121532156178527106 467919402404052870944 6681839615514161556535851222043192179
15 31735555932041230032311939400670284689732948 971629589818098915847153553138323244260 1019758699013228238271040 15867777966020615016665849049841756464001994
16 265481580762520930072845197261091304921260990676802 4058391063608578447081222101317429418552687581 4171161230867751509749228304 132740790381260465036424684211161086336385369952553
17 7878332940506569588782402627237881550737859569467984886964 60169496702140627650589843620191253175546189365353559 32134538863295609990886746650816 3939166470253284794391201329686210207016734780177365768890
18 834725994994106124910577710957367584238776031381871297834136225112 3186089122695248642094470407107718003754600452801811774849147 467780284200773681014219578229415872 417362997497053062455288855478917682261488402531442758706182820492
19 317630811143561246868123019387180637927069719607388427874902803365111204280 606030508639773176049457630813173545248228960448961892624328814859620 12904651056704161889172539021919214884480 158815405571780623434061509693590325415860388155775158523720912642163044380
20 436421824266035851776008894474061289745551397882100914072359707656904585670134102186 416279746820840400863050121463510041827203775819115182792250329890910960223503 676477233708170711285783136416866403481678336 218210912133017925888004447237030644873113937557904542391822745396660726036807890261
21 2175841491972551712574448190161119124974649182760349691278036303936870225155528392366866071904 1037626002252173189539808570886066113915482467888282147133456989385234827784057728479218 67550502053312028470806254548274722955828315951872 1087920745986275856287224095080559562487324625155425872295032387371562386715125674097591011888
22 39539626052379239872578823624545992034790963778497266168274830289662032917434747098035111028561774954382 9427500747157721052107195150034457215772083689363324322434190689909192509524449690004893867858922 12877935068032166036445903648143847803720223643743453440 19769813026189619936289411812272996017395481889255072051671431227849239410541445472919415626102759203911
23 2629692980536539780242475422383885185847130154026375395257429202614028192641242889917446231989096171970622019240096 313493287576030808123870493476128915163982940577220272912296213182885715907984070059063716048530564169627652 4696750320222034212882990811564699200406433385064234067124736 1314846490268269890121237711191942592923565077013187699977089761418031202762116850741072716197764778517428043182416
24 642510828675321278222154166115685278383636215394854587373057954008117842108552316414600692600622500926932830810715687818687780 38297259756264465614825343410702871274629052991359873421521019953133706365715408043133829119425017483251763914586166966 3283221429408661240371642172526238207939853132341861150227878155776 321255414337660639111077083057842639191818107697427293686530618614773625384896344028386609419415220390032586335932957848421778
25 578713612837863596853942399027226079717416121513507578156734159710729840345785391569007755861621595859570263401167912688057092188138829848 17247163864937454564230078640726613537513153674039484407939594341896103951543877940431555613497835976440031514068157444658705164163 4406632111850153499558479021015123561168402643913724291994427407548486656 289356806418931798426971199513613039858708060756753789078367079857568236228817772534283117441318359710369333022540818490025759797843658252
26 1927716753356247806476441617581688219408804421434297011940688471181053048749345942767295064308147192166011759095510823323278715729505828132017886595884 28725357192856374319613306757606254823325915950027917896697366886060046405958129223267005825092135989872639436976830192344782731236334117954044 11373956278754983691592693553557855253923000261181011909085677155871319058789376 963858376678123903238220808790844109704402210717148505970344235590526530061651110761139377950420372861933506509255542252145312407591492001668472692630
27 23817903349944080107364489618603878780971489921921313147420543782289489521166356853421517544625348543053065643235300284006211303352442302083911731009409714215837060 177457672640547999291914207465444893930604925999137117854859109787254736871715893264170773767915501138267140291081565541816318636366669894247730348106367943 56540117380049560358667594161233289498367192959063620589105251569845506004961844307968 11908951674972040053682244809301939390485744960960656573710271891144744760583206696769448797092853605323613438262399325599585183486515703667740788257707338030072514
28 1094551446028126034656773763302304554494397263940497017166052275589751243458589929038762400362036467313410864676534271835182859602380261007378453485806398474781220125727168294376 4077527624885873451108195767773712442964596004482989670313554776441221699909679212352055367064853727411105458345237816326476115558465355528715817954646775942970855682519 542048352575611683133667979116935191443151899126221745949256598705450407787636605598317371392 547275723014063017328386881651152277247198631970248508583026137794875621729294964519652224357306039498272266327825603513313005750753241376663855042255924441284428365662742832884
29 187563949858536407275354707663030376654752734726757534005994421622756415614180574670073178777397080347484342060678714876970602659187254906074810475550854859642324656544698487994908878412501352 349365345577015257805510489283550638431760201992935895290480192250096007034014733687992784966823734556569235699301508285983727783629605662065105421445790208962048406175671899383811533 10034820816480313573442949607458859100235798347573647579886279339138207461001571520801592325955948544 93781974929268203637677353831515188327376367363378767002997210811378207807090287335036589393715950581982327817060832242214730879711526626824229027718567099390266058773135004398250602184224948
30 120136866349264280953138197302804974371772071954383988038101878490424859079960153595544262187486802151413051612096921772899240485642586115800060236152864122110499999970648414551275726266681171756771952435380 111886221002618199352333478654673783408417760401539064843080234029561231874217059088246997051825531049394414030905803976971739969019188639204111997513989844364122052747211254665089655784221197252418 359160100795592798220424764967771083501087049121290502657419493215869950690781514089472980129766049700057088 60068433174632140476569098651402487185886035977191994019050939245212429539980076797772131093743401255286576203844859996662002726706834808443554678721683389764996607920299552666394907869830650761410826246234
31 288258739785091044647875195844056051713900822734157364594275790387853710402965467488743093466894014232344810383439420603743142721949442670428205552871871299743985208917588274050067816306464720089901768043329566957871471396 134230964911413672605859321112745576488476825373774482073556644206966789142072231207311935132932465071539524183271046852492297090968497684120358582258220422744104482025681204251547315343976849856781366548250843147 24880332193955253642172545985188097355198952938006043292420555436355157206346200510561704759556276585569302274629632 144129369892545522323937597922028025856950411367078682297137895193926855201482733744371546733447007116172417631885807279498392447247713929262780375912404652893638814736512314603637081253487640897330662159957568130073050514
32 2596403381439208324328574149762313142576011089701475083152223180125457995707485636210805125199222600630989599451352049619549702852592968353483173495329299447779102440207761140536738261436257236278752012591114768095371430328685664443132282 604522340298251593696430972812977747075384934473458748436188305251145357673540716873549201124091750476390729326055991081609417503584511063268758182478085498794342299066351106889398762626227018515228748580748299987832894695191198 3339381321518283014290157220381390162435256919097563345799942670102695282833677766841328131503016699872917995422251846993920 1298201690719604162164287074881156571288005544850737541576111590062728997853742818105402562599611300315494799725677694500435610567803629255351777442745867352349100001776780541603420478359545457022796670361308892397622174162053958145063101
33 87961769541305989034867392441848690917454295183163242508020520944907329792803907868082034255330717583833070888207481523817063413568864456205073780341765200251881416912531711548750171018013469890780829439516516313504343694025407983335725066628359811278496 10240098339048996852421924561341013766237811209906668747397954880754126144017442965002297308172063770063587912591793354924151795834034337894324960276493572228854973415400073862087952959512283898183660384846857062999509105747825400403846014377096 869244411518645276258840688893130235421496373739955497708541876228827941689868786478419143106439743668388497671420771723038732443648 43980884770652994517433696220924345458727147591581621254010260472453664896401953934041017127665358791916535444103740761908966328990191550740666310515329165243651456643135833523229356447121148916235349112997467728305391718846898240503572919175699271861072
34 11229122197199534342298169012575913361440418274234248370307967936004220956767683047916208333008529219510388270597798284872526911238547203821383430825304068210566649034448497409819941269648800623456503114017091788161752228535403503730811693071110543783375270521442802854436 653620958554146421994972462338268259519963586125934798667940418634200976419467454983667893828836877231402864543187651292324866151799346318726382900251132777761880950843637010601868995323300838055028190225014525863319144811739732383245366580309286891579049816191 439220730839333933389596748001729172733627189863781992013159506592378635580158974640225014252785455966279075062644770303771192051042441486336 5614561098599767171149084506287956680720209137117124185153983968002110478383841523958104166504264609755194135298899142436263455619493212276111382379346832479284189103591062299841861630830980065024440874798625381400988621394094479848545384066877657043573231286242622170386
35 5411023333616787113110703145496334167803578448868863985245650235099754759210093791630476632577128121880565857880763533673946579650642896423437867569451672260135774792400155422551940523077402915785653288726080404261495669629657294661563058218993796140897378797155094500147427899545196449816 157481508426085597284496685324272593818373704105023634868805625586414208135587553925820407357992671074268658758556277686658926252717711576425584608163975974657501314193148371098367904746062443482712047952981599636527543970241077370993396632200832800310554972468068643628340205089 431185976170626377102679871526104066223695527440792901190821620204066741353539287179185755325165892157474590510631895695137487750247502009388018384896 2705511666808393556555351572748167083901789224434431992622825117549877379605046895815238316288564060940282928940381766836973289825321448211934526772811149318619227331963129744387818025259097908488237454465073572807517478404421524993364475188234193325764637246146291125197464954466607417356
36 9858346763979036172764769256010752887801645481899074133299554149158253209566501822710906332103983739232344613006100078423244983483283271615095242476735957682749080834430891887001530172468961476011983679330041749510662231724316864822358498017830671334435618781456013745603443446353848443419840390108312804336 143457827716446913238104163826950085747772290558770257979753965939329177326054664848621036094021517889122680395856149209943622513000684270915600202099445838695045991720912894834062347550564474825883393052374584879160413917141738846265408107794388017593863804284215400800500597578514744758618145137 823079844913407081205862141095813887595397073340986297885492636249012458340621463718874123387499732543060263665851737390737958534549636865396677720679411843072 4929173381989518086382384628005376443900822740949537066649777074579126604783250911355453166051991869616172306503050039211622491741641635807547621238779518763831243957818377014048672030032179274676484988607767192879837345032469164270616310702665201938747941223653875568170700990451742654408259055393862323704
37 68012747892344085848997085942130759231456211475775975454999262244314373500668610311405600169246662964477543774857518673113684946610793970130350307423690925132522330789987725135951741859503194598285230574457436014232889112114661867788256675266959934285777529998555511567489930662973062665749418915820073373253768930044537873248 494857873286814962652862881232874050520928484468899344269037887118657331645271597446539800348017812781702856353588395266530176294973317174870807662739565239915159931682704889825856674624133443249831605607829856188402064488803465854646437379077684137790151254660849458579232251829996386209735336744751454660517452715 3057384649186089057406178636753456054847259730558081953382187005680347968430514601210619470269612296238163432816665063570190478621761775163437260902732506675343558541312 34006373946172042924498542971065379615728105737887987727499631122157186750334305155702800084623331482238771887428759336556842473305396985065175153711845462567789857719586907096678960248128325326566245152507758983807538058897504918109385638238789702277694913118359472192077497116581770643755597039628667137993137802694048207280
38 1779396784403094531322245768391694267724905787690101731494669163446164750266570669473157413360036957823319008399642726509244617677717834664896407120822407179871138988913651339431371254286798626838379635944209463284809183159426739330478470070658024413723107626615753398834244110962273826417257792971854613292701730429771661072604832497006699642218 6473407807621334535927991671228477381820067711208510384137488351809725536529173559827507398152399646459070242185731182313768067631298197930990000456471793629558456857956625650207482951220461441937087401448639054977562455463712377604096880057842670328167621227187225169187494630583053295340093266126299794240614057722250209373417898848 22115986609681392389959935706614014843000561616969199821345020682276267859508925709886291656619671189655163477609682124477099594260930038132228671773532430289836724217761853374464 889698392201547265661122884195847133862452893845050865747334581723082375133285334736578706680018478911659504199821363254622308838858917332448203560411203589935569494467883663020526323338379281272496825393605012450889191490385880006377368965083475061804699641617712294244703794285977975447178693616392325712465201101652045681220778357384276508341
39 176788191222875016903573688504268014479205069628876262828313269800254982426579250975506609795270415404674239728252375407726944029744987156827037384948869373589654725818303161010813822469240415481353980530517629575044988469032002609735691089000858758462097896103772075242581334465612378406014407937877114763261781903067306483481610675267429530055172345765488858434360 321575846939891053393327119170353055849816232534309096314195588496702277567794944082335242177390388764417518571977872687772319222414636999641922758952732220175484597121712323454212305716647260891662930142624516852517569631955984281950547846012944161201365808362071047954644106492324428240802115536649718634011558379309359338272610256950338316901516534576 311753646252163397054851734037725528173719648914890578511242350390508914697713096599820240650383714479212654287266420454124138602417351409066224788822120285148274873333898111847859520339968 88394095611437508451786844252134007239602534814438131414156634900127491213289625487753304897635207702337119864126187703863472014872493578413518692474434686794827362909151580505562788057746289439204416132277677551609354058973446594123466719695683836579905496351796157946482524472412516346640414196000626682839566656066765636151865480207852201694535228806674189387164
40 66788690218559846063725889709416525439440721248397810358813376043848182556706115711247702357523245069504414539703089175561626100175867778885473428259165885717392299537912766542534235718397863012567013367645618457018935410779664232775094750526917512392160877958746883212424991876733228080690544174821003392829963794576966454430006816171801692414110942607535581167743941432604288134320406 60743959935225698150615637913484046886742158165161075348646946549192281605145930365955633501906810084740349833793257000421802060113011164518782009258374414295735420526038264606848423731546193321219069858757797416059804908729073911439330801200573929662257801602902449292947823672460398358955352932614004791542738328223420437151926746570029113684219299626151965091609090206982 8569418970924209955357220240861184012534245018059039259293742502626887692481473332330213917949983568289819266796622105285352984293568566802812167645198615781380283417257131245670717524821545931898880 33394345109279923031862944854708262719720360624198905179406688021924091278353057855623851178761622534752207269851544587780813050087933889442736714129582942858696149768956383271267117859203216215768968788800487838629898297396099238896576894893105627447393882825614178272377602897341605824490181720808812749057658389435267510616409491908500154097745613012396356206707329478712917033109643
41 96064928029884796756070089343232546850813876874672604097235719401707216889303298828692814083459320645472440542403556265990114562570469028212620408711460942045328382448601374035067131084322905117556765191110363211166369210889073321336572504182948961889504950646447958310039164485252166066067655363078040249351568321144076938945597574440343959568125386144485581316072382478114411669268306521118648367706609188 43685271550978868372388826460968202718499210799621041560522334148639597301102394114562559709178731757716579557320387089373249223549172491994204043121650182949454812908576607676577392687325961537480061860927883653548857506838065168334425330166010482233149535187230009402107547638388032014871108445699816214602848366520382802584110217354472932180700254328369604569813807567802618271566430161266019 459618331641206238025345513611162763052496789983329020713039520288393966078968451977428173845523986141438892283855585547415802644260565377283719990740205181347235173345100278351184513488959746109334750973263872 48032464014942398378035044671616273425406938437336302048617859700853608444651649414346407041729660322736220271201778132995057281285234514106310204355730471022664191224300687017533565542161452558778612404721002208702197278201342242049812500486466145455108995083368176138059066468614797119956589674609739570817711953345746370794929069908813839779432795662916408244708741378232798091378633133613991559339936530
42 526691028633143296826526340157464027858232882061004718518611282940668332017612959383198037432254985035829798546104008492321230283762129979646419174888393205080583391666900559437368267215861079550375880819323293449740117712728879553527264706697688666615666996884532788520281736376666141643700849136733411326800294507098026724193838548469414301253810121206045335307045526481676268350289832972778375425899080019045156195771080469960 119755675026738784498329459405569211831367354796794151165023049566786643573840402411974776018679410944961138623487381782006395732144414230213596285056256242850134457350362963938512773884171463966945966817480608528324766403373018662742198507841769949969091174291366569967926265374631846252258415966118411857386542136940231071731923623838304834664862921141198491552658159160687265246382720276966489449017998718740017520 48129114275142991068114871300523189738700656603021874513946751329281940341092821717180252579042910040598922807780744032565068630288066853190772985358093936753230102030846878387034048589405202467556754391222334015656558592 263345514316571648413263170078732013929116441030502359259305641470334166008806479691599018716127492517914899273052004246160615141881064989823209587444196602540291695833450279718684133607930539775187940409661670789427196427859973834199282614943713683636135009379523367635805509158503617232709014694656227118420446714952903734113201808549851184053500447095701714621899378291853557614338433510683890314183318386718189264893368514276
43 11019671318211765269940879654561303358396466680401739590105437728980291566969585747978889935641275538143292574615810872195764402336251005142889040659579866288531871922910337776345862450156205132957499401573205490439700005090715105459033244186114278412733354178996568104792233885577770642770886672987440702894247751647129359590418929765128840004547312622002539839059477349210644616782091284661091472016443976966479484163874570948489847440527659303733596 1252791585027698155443631954777782579875049381900392199097009425075513817178674643083697899483407344831911907346543590336894959213242691385505286530971184193811434149883487583784076391443707608361051512489705947736394579861234594275872784187448027228467834556678533467354295565341807196468674707513392819767861490939128829910027083370493430253990797181116701107638082045031958999744027279137654235755609736955231811091956266733298301244771 9845306190726022394169627065902604246820970827294765949371892494930011136960488514126310344338066197908876709762279382090912534776763137093552893199204837238126014829334242885783488552480421977125971928038636681476447050014107369472 5509835659105882634970439827280651679198233340200869795052718864490145783484792873989444967820637769071646287307905436097882201168125502571444520329789933144265935961455168888172931225078102566478749700786602745219850007468010648092527819177870672157668800499983697699779091628735132786391011816737977414602296044856663634233564346022255465458541044692569816695976338277023941371398460309451988627752498228694228305067901304792585661943788836705551534
44 880791086211602104563764532211228269801982118672753959993462222793979105988998531023720296412286868289291971832016435160259552419555959377252694637561758230443728461879693255195372335627769725721065373632996667371177523647670495689532995257660084991290933392196817574513708571225487112781874955535913800854447785608090311273578815255086416142616804548328538610655128796290279126444822821902495150518321464095210007874732030523820162035692643631046348861360369453153086011512 50067176645084467377061209098845341152736794701658503225951496721387301276554327883663425605536767848247353196864376895150024395428561967141968875651159536287840482851704658407140296100014948239900388151594369501773285248173977439983909555581114495049958139861542633151035120757296978107079700909207357768427010965345041523069919517887099553396417076849339103492025829312237491696765649282054626206925253210870534124811986512783515655025703974051102668574492675 3936374049159677669090092103744971087902094335975511101220498880278035755012109101548966038274145180593056681704032860519989952206186868225830095300635230355666420297373610594733668062878092825028072852160663650642413161395104011794381828259840 440395543105801052281882266105614134900991059336376979996731111396989552994499265511860148206143434144645985916008217580129776209777979688626347318780879115221864230939846627597686167813884862860532686816498333685588761823835247846734684653409881330190512747970894331207901453600499107001186917906974777933278443578528174773861997924071548923324832534159245408420998511060187213540026588784457723945966029414439035376412427775946507098178147136729755128232190623767457135676
45 269226309089159843753006880912577071444627280904480653969834918126331960316028340248477489361765738245860841946033741682745144350878381922506101331967189568153698683028801281999209170732245998932373128911455746075563064468944247655232708923916891198317833456100938537780284926635452093261583833800602493427973039918195599369250802557626141196345669647987003874177300359526146463975487041714690493894442848169437472111200912706387951363100143787629224428208700312382663780706734280921545788102843480 7651871928167542960250558678602149560203491638515334296097792432463241418479785078895430347527298569951341900281693117068300156699346082088311863068320482492363926195165891363189056661406713163431083994862802637414433005930234863389454972065098238435222765198094707731827262399502165164609796711544729255882183312562323874695423083303706451939551432135503759062648273735405802275942649892515980018860895011150403061378077097727477153779556975953165298446028182044786901967820074518711 3077752204953461258924364477224001028588368522391351746823300252543361234739051539753663621194680421976884676900765949752832951351792114888623833307984140887664781831922480577289104027342213683447792242174857409740344997842387528150433872793689383679557632 134613154544579921876503440456288535722313640452240326984917459063165980158014170124238744680882869122930420973016870841372572175439190961253050665983594784076849341514400640999604585366122999466186564455727873037781532234472123827616354461959984475261393458679931451128754463832020230891987592773712896840258200576467325454502233089410410809161277162443884911965066655438969289432055437511337317391053815000679976344245008366865082523273968014902040918974522655112525654428584076857617585891200556
46 315015148999566069603173299853846061469229384907702711869457277389455773380237363350154629069719679365384837035961262046869610909748562912810109049866765288365188674302043411674219001642262073995431294394817788938509582245705592091104633570654510027596523072753991298928116801549546406791064608039335253559401464995221551581289155125105266620888888365271336948620558995417967102724490777883667878576876595022929874005240561847629163276756983274016837610268542500053247596266489930258922610172778668950153406303542381673534 4476634515586388635128011315922736329019920651362173339579795098309973750904633090314807334314536933713894610234020876411021673612274316561315009460297166768255936959959813826665364519452330610922742980565969881654925932814968588156589160351411132599888995929529109505224360709926211929156340021898226152969807153948353004230730387132199744688434582292346690724379593234764152166395517010724810106914641967379945840856089233422422086947198726255405954075493372062231609362311100130691258697309091711691239317 4708207772819629111960373379422128089777449240138797623951160811576972228240746621360744798463045286756909172838706104938778888699079153846542256970789407988200922512243167421405328506723960105378450046969925768696064619793950606487417115486296672626806097212659466240 157507574499783034801586649926923030734614692453851355934728638694727886690118681675077314534859839682692418517980631023434805454874281456405054524933382644182594337151021705837109500821131036997715647197408894469254791122852796045552316785327255013798263890480882059278614380961462914459577192744287696178512708078016564276758697935863313682843675705279046928896698850761452940806594928518757210416923692215459037463876402507525284302631853617061108030157756212910971830443141940432705013644132482811390106200377520569887
47 1412294670611251772764321907288664241301895075029194510415833280281528039714556047726313105158214555746298969694525230896730161145051785660206881999236624858301282254616952272068823131253995114568387626825637484314388125905809390835994526891758348120770464625300175879200788406992709248145993787053140424936964798114119866773447899390577493640558140538068797531654730760523043202882048980657079467639986156362203244882049066748175028274409623256417465957996062393751835165400517588783493555180536924266386366825912473785238312002672880483348419052 10034957189632362155055881277195599367698115687579034297992695239022364175352325008850071043143947477217821188885047242190602632690570936829859260258847463240454285292894268432575842456607830962654304937587255912348798274816943082153844692264153153194010379972575248810657402296888785471108351382618284619974364474200795894097943002431483740871945771544620417982331027747159408397621711814252701026320826170159627154686605614890730733818993873268506620160169046890826413122817275818281817264688858983808313285637769818542304540316317 14098326310574700262169668206959241125229511047737530090699533292153519148246017757082047660390165359768935157946754005292965545780516368612874569534468009405007765580929385157945530685684958446131771430959139401854321788041920390338384701184056978508648517764939401043764757659648 706147335305625886382160953644332120650947537514597255207916640140764019857278023863156552579107277873149484847262615448365080572525892830103440999618312429150641127308476136034411565626997557284193813412818742157194062952904695417997263445879174060385232312650087946649557358783704755157830997006190775083237922925824978736490595772048320943287948810058228960910045264729100574818027136811312624078177384618386389675029235877970304601897390600974075821477254262761633062269959721552640798550463631325543775441445491216878038471036962124053039350
48 24282446111196960673535223372885096373592810152366840820416849493423065182084443370054482411949143917512051365860537677062703329241569758238549430026847768448525161366166674948658140286569349337903526387256881880696420738314564246348557480557474234543430833469117180201575706670557085533581561263598140523836630569945876984830627220773430283187784674447561246703602927780291095254066527255246035524695011192906133225088880794517882494079094659680089447094352990740511280134342021950506557652208709883059135492770122150909396483646551934212575673125231048151177880240185680 86268578454331189782183271070511047495409903291132449030116689116203984014156305682464474881455145769517244721329826681878289237476745324038940987445308644829662369007514668729708393745857083488690782306575021064491048975291733232453492737878934054937973695162382387183184877788769274844949962240089984790604112658814359890137336468088240302475340950865060282860714557050376693559929153045454504449221971315078905198956499538680712744426339715561723834549719625584486978688844292129533346511409144412198807199968151594580431672582199626805747943979579471500 82673459789868016992996292833593513800584938379301238083177777966325002972043776385487360324515986579869093740077505605361947557879759719109665737623845151164162642870131709732725272033592688721729685530605344117715754059533061811339837219451971821225012954292792410238727162715912903345569792 12141223055598480336767611686442548186796405076183420410208424746711532591042221685027241205974571958756025682930268838531351664620784879119274715013423884224262580683083337474329070143284674668951763193628440940348210369157282123174278740278737117271715416734558590100787853335319879496685714640295568408335112041873230961604964229428304030577054838709802511544545144052403540916967810497661770565028479375392946472099273266070863822621628651275110578413539131387051984428035853740555950884962231971296098652054979685180684152435782444252684041681979105433545391792877736
49 1602543595780422478672336737176514769115867937846921566986765227646819123633186423250086638985263110043962272186870900773228265961598159961650049644335027333829829104736369310120278041870687829296151117739020276350276177166325268732940159467488538253197148933849186223173026551072011385496465960413886872955701203333195207118246642247896993698430152872671672386264546996931232981155362361206497557795073546659777277682525091995610661230107286979019456070526441605540171770886820592807757119553368649979122968647184102819953306609021011622647605667911979124619638043811550849900065677142366623221056 2846689276807570552673140502782562356852665428972303141944484216865404305009735358162046263975934334426101363381163379583660213557885093870794737317848768643565644019045358349158371239692881471019316870194891882911647919718256298459907082966191820528315852230441497125560275736082631059259517682802117826056457542017237070688458478309459589817256691599254528483708584599464628891278991456391970362809757141258661869914120215067008915092946802637320315314801315401722923427797767884949626270538721776309964130605433670611410666173327288182261356806054335333781848327782269143860493279 949816741587665783608685323212334589097969925317243832518153148056875333312341652352926466137882971478900130091628501853353381051254478645933392056196882496367480735553312355234340999097052373388352173212854565021210208217523032465781246739053590728295902643503557219071919790310083739161934467556744101888 801271797890211239336168368588257384557933968923460783493382613823409561816593211625043319492631555021981136093435450386614132980799079980825024822167513666914914552368184655060139020935343914648075558869510138175138088583162634366470079733744269126598574466924593111586513275536005692748233455115314230310742406009259209726417870108911155471131335512909864630798929669291792953810750122088988228962582587580815315531788173237128297311081741930757911775630997458947703055942958822590572735863290752272072089427700812926209543927880032606687950785277741340919354981800930466819613805804961683661472
